# relative_time, cycles_done, cur_item, corpus_count, pending_total, pending_favs, map_size, saved_crashes, saved_hangs, max_depth, execs_per_sec, total_execs, edges_found
61, 7, 0, 1, 0, 0, 1.43%, 0, 0, 1, 38.62, 2117, 937
66, 8, 0, 1, 0, 0, 1.43%, 0, 0, 1, 41.74, 2335, 937
71, 9, 0, 1, 0, 0, 1.43%, 0, 0, 1, 40.65, 2532, 937
76, 10, 0, 1, 0, 0, 1.43%, 0, 0, 1, 36.67, 2722, 937
81, 10, 0, 1, 0, 0, 1.43%, 0, 0, 1, 37.17, 2914, 937
86, 11, 0, 1, 0, 0, 1.43%, 0, 0, 1, 35.42, 3090, 937
91, 12, 0, 1, 0, 0, 1.43%, 0, 0, 1, 36.92, 3287, 937
97, 12, 0, 1, 0, 0, 1.43%, 0, 0, 1, 32.53, 3454, 937
102, 13, 0, 1, 0, 0, 1.43%, 0, 0, 1, 32.72, 3624, 937
107, 14, 0, 1, 0, 0, 1.43%, 0, 0, 1, 28.56, 3767, 937
112, 14, 0, 1, 0, 0, 1.43%, 0, 0, 1, 29.21, 3908, 937
117, 15, 0, 1, 0, 0, 1.43%, 0, 0, 1, 39.50, 4114, 937
122, 16, 0, 1, 0, 0, 1.43%, 0, 0, 1, 40.68, 4317, 937
127, 16, 0, 1, 0, 0, 1.43%, 0, 0, 1, 41.63, 4530, 937
132, 17, 0, 1, 0, 0, 1.43%, 0, 0, 1, 41.57, 4740, 937
137, 18, 0, 1, 0, 0, 1.43%, 0, 0, 1, 38.87, 4928, 937
142, 18, 0, 1, 0, 0, 1.43%, 0, 0, 1, 38.03, 5113, 937
147, 19, 0, 1, 0, 0, 1.43%, 0, 0, 1, 39.23, 5305, 937
152, 20, 0, 1, 0, 0, 1.43%, 0, 0, 1, 40.00, 5505, 937
157, 21, 0, 1, 0, 0, 1.43%, 0, 0, 1, 36.37, 5680, 937
162, 21, 0, 1, 0, 0, 1.43%, 0, 0, 1, 37.66, 5872, 937
168, 22, 0, 1, 0, 0, 1.43%, 0, 0, 1, 31.67, 6038, 937
173, 23, 0, 1, 0, 0, 1.43%, 0, 0, 1, 37.22, 6225, 937
178, 23, 0, 1, 0, 0, 1.43%, 0, 0, 1, 41.90, 6437, 937
183, 24, 0, 1, 0, 0, 1.43%, 0, 0, 1, 41.78, 6646, 937
188, 25, 0, 1, 0, 0, 1.43%, 0, 0, 1, 44.96, 6877, 937
193, 26, 0, 1, 0, 0, 1.43%, 0, 0, 1, 45.12, 7107, 937
198, 27, 0, 1, 0, 0, 1.43%, 0, 0, 1, 41.77, 7313, 937
203, 27, 0, 1, 0, 0, 1.43%, 0, 0, 1, 38.66, 7510, 937
209, 28, 0, 1, 0, 0, 1.43%, 0, 0, 1, 30.88, 7675, 937
214, 29, 0, 1, 0, 0, 1.43%, 0, 0, 1, 37.26, 7866, 937
219, 29, 0, 1, 0, 0, 1.43%, 0, 0, 1, 38.42, 8063, 937
224, 30, 0, 1, 0, 0, 1.43%, 0, 0, 1, 38.41, 8261, 937
229, 31, 0, 1, 0, 0, 1.43%, 0, 0, 1, 39.52, 8465, 937
234, 31, 0, 1, 0, 0, 1.43%, 0, 0, 1, 39.92, 8656, 937
239, 32, 0, 1, 0, 0, 1.43%, 0, 0, 1, 41.48, 8875, 937
244, 33, 0, 1, 0, 0, 1.43%, 0, 0, 1, 36.38, 9060, 937
249, 34, 0, 1, 0, 0, 1.43%, 0, 0, 1, 38.89, 9265, 937
255, 34, 0, 1, 0, 0, 1.43%, 0, 0, 1, 38.23, 9461, 937
260, 35, 0, 1, 0, 0, 1.43%, 0, 0, 1, 36.95, 9650, 937
265, 36, 0, 1, 0, 0, 1.43%, 0, 0, 1, 38.07, 9842, 937
270, 36, 0, 1, 0, 0, 1.43%, 0, 0, 1, 30.65, 9997, 937
275, 37, 0, 1, 0, 0, 1.43%, 0, 0, 1, 36.66, 10189, 937
280, 38, 0, 1, 0, 0, 1.43%, 0, 0, 1, 38.62, 10387, 937
285, 38, 0, 1, 0, 0, 1.43%, 0, 0, 1, 37.47, 10580, 937
290, 39, 0, 1, 0, 0, 1.43%, 0, 0, 1, 31.90, 10733, 937
295, 40, 0, 1, 0, 0, 1.43%, 0, 0, 1, 37.29, 10939, 937
300, 40, 0, 1, 0, 0, 1.43%, 0, 0, 1, 38.14, 11125, 937
306, 41, 0, 1, 0, 0, 1.43%, 0, 0, 1, 37.99, 11322, 937
311, 42, 0, 1, 0, 0, 1.43%, 0, 0, 1, 37.64, 11510, 937
316, 43, 0, 1, 0, 0, 1.43%, 0, 0, 1, 36.37, 11700, 937
321, 43, 0, 1, 0, 0, 1.43%, 0, 0, 1, 33.77, 11876, 937
326, 44, 0, 1, 0, 0, 1.43%, 0, 0, 1, 38.70, 12086, 937
331, 45, 0, 1, 0, 0, 1.43%, 0, 0, 1, 42.54, 12307, 937
336, 45, 0, 1, 0, 0, 1.43%, 0, 0, 1, 36.99, 12494, 937
341, 46, 0, 1, 0, 0, 1.43%, 0, 0, 1, 39.09, 12696, 937
346, 47, 0, 1, 0, 0, 1.43%, 0, 0, 1, 39.12, 12894, 937
351, 48, 0, 1, 0, 0, 1.43%, 0, 0, 1, 37.78, 13079, 937
357, 48, 0, 1, 0, 0, 1.43%, 0, 0, 1, 42.36, 13307, 937
362, 49, 0, 1, 0, 0, 1.43%, 0, 0, 1, 42.04, 13520, 937
367, 50, 0, 1, 0, 0, 1.43%, 0, 0, 1, 41.77, 13735, 937
372, 51, 0, 1, 0, 0, 1.43%, 0, 0, 1, 43.12, 13956, 937
377, 52, 0, 1, 0, 0, 1.43%, 0, 0, 1, 40.11, 14164, 937
382, 52, 0, 1, 0, 0, 1.43%, 0, 0, 1, 36.79, 14341, 937
387, 53, 0, 1, 0, 0, 1.43%, 0, 0, 1, 36.40, 14515, 937
392, 54, 0, 1, 0, 0, 1.43%, 0, 0, 1, 43.22, 14739, 937
397, 55, 0, 1, 0, 0, 1.43%, 0, 0, 1, 44.42, 14966, 937
403, 55, 0, 1, 0, 0, 1.43%, 0, 0, 1, 42.19, 15183, 937
408, 56, 0, 1, 0, 0, 1.43%, 0, 0, 1, 43.28, 15400, 937
413, 57, 0, 1, 0, 0, 1.43%, 0, 0, 1, 43.53, 15618, 937
418, 58, 0, 1, 0, 0, 1.43%, 0, 0, 1, 40.73, 15824, 937
423, 58, 0, 1, 0, 0, 1.43%, 0, 0, 1, 42.35, 16042, 937
428, 59, 0, 1, 0, 0, 1.43%, 0, 0, 1, 41.45, 16248, 937
433, 60, 0, 1, 0, 0, 1.43%, 0, 0, 1, 42.37, 16462, 937
438, 61, 0, 1, 0, 0, 1.43%, 0, 0, 1, 43.81, 16682, 937
443, 62, 0, 1, 0, 0, 1.43%, 0, 0, 1, 40.59, 16886, 937
448, 62, 0, 1, 0, 0, 1.43%, 0, 0, 1, 37.62, 17062, 937
453, 63, 0, 1, 0, 0, 1.43%, 0, 0, 1, 41.40, 17278, 937
459, 64, 0, 1, 0, 0, 1.43%, 0, 0, 1, 41.01, 17487, 937
464, 65, 0, 1, 0, 0, 1.43%, 0, 0, 1, 37.83, 17686, 937
469, 65, 0, 1, 0, 0, 1.43%, 0, 0, 1, 40.31, 17886, 937
474, 66, 0, 1, 0, 0, 1.43%, 0, 0, 1, 39.50, 18093, 937
479, 67, 0, 1, 0, 0, 1.43%, 0, 0, 1, 40.70, 18299, 937
484, 67, 0, 1, 0, 0, 1.43%, 0, 0, 1, 39.97, 18498, 937
489, 68, 0, 1, 0, 0, 1.43%, 0, 0, 1, 41.09, 18705, 937
494, 69, 0, 1, 0, 0, 1.43%, 0, 0, 1, 39.73, 18909, 937
499, 70, 0, 1, 0, 0, 1.43%, 0, 0, 1, 40.20, 19113, 937
504, 71, 0, 1, 0, 0, 1.43%, 0, 0, 1, 41.40, 19324, 937
509, 71, 0, 1, 0, 0, 1.43%, 0, 0, 1, 42.00, 19539, 937
514, 72, 0, 1, 0, 0, 1.43%, 0, 0, 1, 43.60, 19757, 937
519, 73, 0, 1, 0, 0, 1.43%, 0, 0, 1, 43.84, 19985, 937
524, 74, 0, 1, 0, 0, 1.43%, 0, 0, 1, 37.55, 20174, 937
530, 74, 0, 1, 0, 0, 1.43%, 0, 0, 1, 41.95, 20386, 937
535, 75, 0, 1, 0, 0, 1.43%, 0, 0, 1, 43.22, 20604, 937
540, 76, 0, 1, 0, 0, 1.43%, 0, 0, 1, 41.05, 20810, 937
545, 77, 0, 1, 0, 0, 1.43%, 0, 0, 1, 34.20, 20992, 937
550, 77, 0, 1, 0, 0, 1.43%, 0, 0, 1, 26.31, 21107, 937
555, 78, 0, 1, 0, 0, 1.43%, 0, 0, 1, 34.00, 21284, 937
560, 79, 0, 1, 0, 0, 1.43%, 0, 0, 1, 45.40, 21527, 937
565, 79, 0, 1, 0, 0, 1.43%, 0, 0, 1, 47.08, 21766, 937
570, 80, 0, 1, 0, 0, 1.43%, 0, 0, 1, 47.96, 22009, 937
575, 81, 0, 1, 0, 0, 1.43%, 0, 0, 1, 37.87, 22204, 937
580, 82, 0, 1, 0, 0, 1.43%, 0, 0, 1, 44.87, 22437, 937
585, 83, 0, 1, 0, 0, 1.43%, 0, 0, 1, 46.97, 22676, 937
590, 84, 0, 1, 0, 0, 1.43%, 0, 0, 1, 48.78, 22927, 937
595, 85, 0, 1, 0, 0, 1.43%, 0, 0, 1, 48.58, 23171, 937
600, 86, 0, 1, 0, 0, 1.43%, 0, 0, 1, 48.42, 23416, 937
605, 86, 0, 1, 0, 0, 1.43%, 0, 0, 1, 47.71, 23657, 937
610, 87, 0, 1, 0, 0, 1.43%, 0, 0, 1, 48.48, 23900, 937
615, 88, 0, 1, 0, 0, 1.43%, 0, 0, 1, 48.50, 24146, 937
621, 89, 0, 1, 0, 0, 1.43%, 0, 0, 1, 49.21, 24393, 937
626, 90, 0, 1, 0, 0, 1.43%, 0, 0, 1, 46.53, 24619, 937
631, 91, 0, 1, 0, 0, 1.43%, 0, 0, 1, 47.25, 24858, 937
636, 92, 0, 1, 0, 0, 1.43%, 0, 0, 1, 41.57, 25071, 937
641, 92, 0, 1, 0, 0, 1.43%, 0, 0, 1, 46.31, 25318, 937
646, 93, 0, 1, 0, 0, 1.43%, 0, 0, 1, 47.29, 25562, 937
651, 94, 0, 1, 0, 0, 1.43%, 0, 0, 1, 40.98, 25773, 937
656, 95, 0, 1, 0, 0, 1.43%, 0, 0, 1, 32.98, 25939, 937
661, 95, 0, 1, 0, 0, 1.43%, 0, 0, 1, 38.36, 26124, 937
667, 96, 0, 1, 0, 0, 1.43%, 0, 0, 1, 7.58, 26206, 937
672, 96, 0, 1, 0, 0, 1.43%, 0, 0, 1, 10.70, 26341, 937
677, 97, 0, 1, 0, 0, 1.43%, 0, 0, 1, 33.91, 26534, 937
682, 97, 0, 1, 0, 0, 1.43%, 0, 0, 1, 5.58, 26643, 937
687, 98, 0, 1, 0, 0, 1.43%, 0, 0, 1, 41.31, 26797, 937
692, 99, 0, 1, 0, 0, 1.43%, 0, 0, 1, 47.09, 27042, 937
697, 100, 0, 1, 0, 0, 1.43%, 0, 0, 1, 48.03, 27281, 937
702, 101, 0, 1, 0, 0, 1.43%, 0, 0, 1, 48.69, 27531, 937
707, 101, 0, 1, 0, 0, 1.43%, 0, 0, 1, 49.07, 27778, 937
713, 102, 0, 1, 0, 0, 1.43%, 0, 0, 1, 41.79, 27990, 937
718, 103, 0, 1, 0, 0, 1.43%, 0, 0, 1, 42.53, 28205, 937
723, 104, 0, 1, 0, 0, 1.43%, 0, 0, 1, 41.75, 28407, 937
728, 105, 0, 1, 0, 0, 1.43%, 0, 0, 1, 44.07, 28631, 937
733, 105, 0, 1, 0, 0, 1.43%, 0, 0, 1, 45.65, 28864, 937
738, 106, 0, 1, 0, 0, 1.43%, 0, 0, 1, 45.87, 29091, 937
743, 107, 0, 1, 0, 0, 1.43%, 0, 0, 1, 45.14, 29320, 937
748, 108, 0, 1, 0, 0, 1.43%, 0, 0, 1, 35.46, 29511, 937
753, 109, 0, 1, 0, 0, 1.43%, 0, 0, 1, 38.84, 29701, 937
758, 109, 0, 1, 0, 0, 1.43%, 0, 0, 1, 38.69, 29907, 937
764, 110, 0, 1, 0, 0, 1.43%, 0, 0, 1, 38.16, 30097, 937
769, 111, 0, 1, 0, 0, 1.43%, 0, 0, 1, 35.23, 30262, 937
774, 111, 0, 1, 0, 0, 1.43%, 0, 0, 1, 30.87, 30417, 937
779, 112, 0, 1, 0, 0, 1.43%, 0, 0, 1, 35.92, 30606, 937
784, 113, 0, 1, 0, 0, 1.43%, 0, 0, 1, 40.30, 30818, 937
789, 113, 0, 1, 0, 0, 1.43%, 0, 0, 1, 44.58, 31045, 937
794, 114, 0, 1, 0, 0, 1.43%, 0, 0, 1, 46.12, 31276, 937
799, 115, 0, 1, 0, 0, 1.43%, 0, 0, 1, 42.87, 31497, 937
804, 116, 0, 1, 0, 0, 1.43%, 0, 0, 1, 39.74, 31691, 937
809, 116, 0, 1, 0, 0, 1.43%, 0, 0, 1, 34.74, 31858, 937
814, 117, 0, 1, 0, 0, 1.43%, 0, 0, 1, 39.03, 32060, 937
820, 118, 0, 1, 0, 0, 1.43%, 0, 0, 1, 39.93, 32260, 937
825, 119, 0, 1, 0, 0, 1.43%, 0, 0, 1, 42.72, 32481, 937
830, 119, 0, 1, 0, 0, 1.43%, 0, 0, 1, 40.99, 32685, 937
835, 120, 0, 1, 0, 0, 1.43%, 0, 0, 1, 37.60, 32858, 937
840, 121, 0, 1, 0, 0, 1.43%, 0, 0, 1, 35.38, 33040, 937
845, 121, 0, 1, 0, 0, 1.43%, 0, 0, 1, 35.92, 33224, 937
850, 122, 0, 1, 0, 0, 1.43%, 0, 0, 1, 41.02, 33439, 937
855, 123, 0, 1, 0, 0, 1.43%, 0, 0, 1, 41.82, 33648, 937
860, 124, 0, 1, 0, 0, 1.43%, 0, 0, 1, 40.30, 33857, 937
865, 125, 0, 1, 0, 0, 1.43%, 0, 0, 1, 41.67, 34068, 937
870, 125, 0, 1, 0, 0, 1.43%, 0, 0, 1, 40.19, 34266, 937
876, 126, 0, 1, 0, 0, 1.43%, 0, 0, 1, 43.59, 34486, 937
881, 127, 0, 1, 0, 0, 1.43%, 0, 0, 1, 42.79, 34703, 937
886, 128, 0, 1, 0, 0, 1.43%, 0, 0, 1, 41.04, 34910, 937
891, 128, 0, 1, 0, 0, 1.43%, 0, 0, 1, 39.12, 35110, 937
896, 129, 0, 1, 0, 0, 1.43%, 0, 0, 1, 38.61, 35301, 937
901, 130, 0, 1, 0, 0, 1.43%, 0, 0, 1, 39.97, 35506, 937
906, 131, 0, 1, 0, 0, 1.43%, 0, 0, 1, 42.64, 35726, 937
911, 131, 0, 1, 0, 0, 1.43%, 0, 0, 1, 43.64, 35952, 937
916, 132, 0, 1, 0, 0, 1.43%, 0, 0, 1, 38.36, 36154, 937
922, 133, 0, 1, 0, 0, 1.43%, 0, 0, 1, 35.46, 36342, 937
927, 133, 0, 1, 0, 0, 1.43%, 0, 0, 1, 27.31, 36463, 937
932, 134, 0, 1, 0, 0, 1.43%, 0, 0, 1, 38.51, 36667, 937
937, 135, 0, 1, 0, 0, 1.43%, 0, 0, 1, 38.07, 36859, 937
942, 135, 0, 1, 0, 0, 1.43%, 0, 0, 1, 38.48, 37056, 937
947, 136, 0, 1, 0, 0, 1.43%, 0, 0, 1, 43.35, 37282, 937
952, 137, 0, 1, 0, 0, 1.43%, 0, 0, 1, 43.35, 37498, 937
957, 138, 0, 1, 0, 0, 1.43%, 0, 0, 1, 43.08, 37713, 937
963, 139, 0, 1, 0, 0, 1.43%, 0, 0, 1, 41.70, 37927, 937
968, 139, 0, 1, 0, 0, 1.43%, 0, 0, 1, 40.14, 38129, 937
973, 140, 0, 1, 0, 0, 1.43%, 0, 0, 1, 42.44, 38352, 937
978, 141, 0, 1, 0, 0, 1.43%, 0, 0, 1, 42.25, 38564, 937
983, 142, 0, 1, 0, 0, 1.43%, 0, 0, 1, 39.35, 38766, 937
988, 142, 0, 1, 0, 0, 1.43%, 0, 0, 1, 41.38, 38976, 937
993, 143, 0, 1, 0, 0, 1.43%, 0, 0, 1, 42.22, 39195, 937
998, 144, 0, 1, 0, 0, 1.43%, 0, 0, 1, 39.34, 39399, 937
1004, 145, 0, 1, 0, 0, 1.43%, 0, 0, 1, 33.77, 39583, 937
1009, 145, 0, 1, 0, 0, 1.43%, 0, 0, 1, 37.27, 39770, 937
1014, 146, 0, 1, 0, 0, 1.43%, 0, 0, 1, 40.34, 39982, 937
1019, 147, 0, 1, 0, 0, 1.43%, 0, 0, 1, 39.52, 40187, 937
1024, 148, 0, 1, 0, 0, 1.43%, 0, 0, 1, 40.67, 40396, 937
1029, 148, 0, 1, 0, 0, 1.43%, 0, 0, 1, 39.75, 40601, 937
1034, 149, 0, 1, 0, 0, 1.43%, 0, 0, 1, 39.81, 40796, 937
1039, 150, 0, 1, 0, 0, 1.43%, 0, 0, 1, 39.89, 40997, 937
1044, 151, 0, 1, 0, 0, 1.43%, 0, 0, 1, 41.15, 41205, 937
1049, 151, 0, 1, 0, 0, 1.43%, 0, 0, 1, 40.36, 41406, 937
1054, 152, 0, 1, 0, 0, 1.43%, 0, 0, 1, 45.97, 41646, 937
1059, 153, 0, 1, 0, 0, 1.43%, 0, 0, 1, 45.26, 41872, 937
1064, 154, 0, 1, 0, 0, 1.43%, 0, 0, 1, 35.41, 42047, 937
1070, 155, 0, 1, 0, 0, 1.43%, 0, 0, 1, 43.23, 42267, 937
1075, 155, 0, 1, 0, 0, 1.43%, 0, 0, 1, 31.74, 42427, 937
1080, 156, 0, 1, 0, 0, 1.43%, 0, 0, 1, 25.70, 42549, 937
1085, 156, 0, 1, 0, 0, 1.43%, 0, 0, 1, 36.80, 42742, 937
1090, 157, 0, 1, 0, 0, 1.43%, 0, 0, 1, 41.73, 42958, 937
1095, 158, 0, 1, 0, 0, 1.43%, 0, 0, 1, 41.48, 43166, 937
1100, 159, 0, 1, 0, 0, 1.43%, 0, 0, 1, 40.67, 43370, 937
1105, 159, 0, 1, 0, 0, 1.43%, 0, 0, 1, 31.75, 43533, 937
1110, 160, 0, 1, 0, 0, 1.43%, 0, 0, 1, 35.97, 43722, 937
1115, 161, 0, 1, 0, 0, 1.43%, 0, 0, 1, 39.83, 43928, 937
1120, 161, 0, 1, 0, 0, 1.43%, 0, 0, 1, 41.14, 44138, 937
1126, 162, 0, 1, 0, 0, 1.43%, 0, 0, 1, 38.18, 44328, 937
1131, 163, 0, 1, 0, 0, 1.43%, 0, 0, 1, 42.83, 44553, 937
1136, 164, 0, 1, 0, 0, 1.43%, 0, 0, 1, 41.27, 44770, 937
1141, 165, 0, 1, 0, 0, 1.43%, 0, 0, 1, 46.37, 45008, 937
1146, 165, 0, 1, 0, 0, 1.43%, 0, 0, 1, 43.78, 45232, 937
1151, 166, 0, 1, 0, 0, 1.43%, 0, 0, 1, 44.83, 45460, 937
1156, 167, 0, 1, 0, 0, 1.43%, 0, 0, 1, 46.93, 45701, 937
1161, 168, 0, 1, 0, 0, 1.43%, 0, 0, 1, 49.00, 45948, 937
1166, 169, 0, 1, 0, 0, 1.43%, 0, 0, 1, 42.71, 46157, 937
1171, 170, 0, 1, 0, 0, 1.43%, 0, 0, 1, 45.56, 46390, 937
1176, 170, 0, 1, 0, 0, 1.43%, 0, 0, 1, 42.08, 46594, 937
1181, 171, 0, 1, 0, 0, 1.43%, 0, 0, 1, 46.78, 46837, 937
1187, 172, 0, 1, 0, 0, 1.43%, 0, 0, 1, 42.79, 47047, 937
1192, 173, 0, 1, 0, 0, 1.43%, 0, 0, 1, 32.71, 47216, 937
1197, 173, 0, 1, 0, 0, 1.43%, 0, 0, 1, 36.86, 47405, 937
1202, 174, 0, 1, 0, 0, 1.43%, 0, 0, 1, 37.99, 47597, 937
1207, 175, 0, 1, 0, 0, 1.43%, 0, 0, 1, 43.15, 47817, 937
1212, 176, 0, 1, 0, 0, 1.43%, 0, 0, 1, 46.14, 48052, 937
1217, 177, 0, 1, 0, 0, 1.43%, 0, 0, 1, 44.24, 48276, 937
1222, 177, 0, 1, 0, 0, 1.43%, 0, 0, 1, 46.63, 48512, 937
1227, 178, 0, 1, 0, 0, 1.43%, 0, 0, 1, 44.62, 48736, 937
1232, 179, 0, 1, 0, 0, 1.43%, 0, 0, 1, 41.54, 48937, 937
1238, 180, 0, 1, 0, 0, 1.43%, 0, 0, 1, 39.50, 49140, 937
1243, 181, 0, 1, 0, 0, 1.43%, 0, 0, 1, 43.73, 49363, 937
1248, 181, 0, 1, 0, 0, 1.43%, 0, 0, 1, 42.72, 49580, 937
1253, 182, 0, 1, 0, 0, 1.43%, 0, 0, 1, 34.31, 49742, 937
1258, 183, 0, 1, 0, 0, 1.43%, 0, 0, 1, 37.40, 49934, 937
1263, 183, 0, 1, 0, 0, 1.43%, 0, 0, 1, 40.55, 50143, 937
1268, 184, 0, 1, 0, 0, 1.43%, 0, 0, 1, 41.02, 50352, 937
1273, 185, 0, 1, 0, 0, 1.43%, 0, 0, 1, 35.46, 50541, 937
1278, 185, 0, 1, 0, 0, 1.43%, 0, 0, 1, 32.75, 50692, 937
1283, 186, 0, 1, 0, 0, 1.43%, 0, 0, 1, 38.84, 50893, 937
1288, 187, 0, 1, 0, 0, 1.43%, 0, 0, 1, 40.50, 51104, 937
1294, 188, 0, 1, 0, 0, 1.43%, 0, 0, 1, 41.72, 51316, 937
1299, 189, 0, 1, 0, 0, 1.43%, 0, 0, 1, 43.77, 51544, 937
1304, 189, 0, 1, 0, 0, 1.43%, 0, 0, 1, 43.77, 51764, 937
1309, 190, 0, 1, 0, 0, 1.43%, 0, 0, 1, 45.22, 51995, 937
1314, 191, 0, 1, 0, 0, 1.43%, 0, 0, 1, 46.20, 52230, 937
1319, 192, 0, 1, 0, 0, 1.43%, 0, 0, 1, 43.39, 52453, 937
1324, 193, 0, 1, 0, 0, 1.43%, 0, 0, 1, 41.95, 52665, 937
1329, 193, 0, 1, 0, 0, 1.43%, 0, 0, 1, 38.71, 52853, 937
1334, 194, 0, 1, 0, 0, 1.43%, 0, 0, 1, 33.51, 53027, 937
1339, 195, 0, 1, 0, 0, 1.43%, 0, 0, 1, 34.03, 53197, 937
1344, 195, 0, 1, 0, 0, 1.43%, 0, 0, 1, 41.95, 53416, 937
1350, 196, 0, 1, 0, 0, 1.43%, 0, 0, 1, 41.99, 53629, 937
1355, 197, 0, 1, 0, 0, 1.43%, 0, 0, 1, 41.06, 53845, 937
1360, 198, 0, 1, 0, 0, 1.43%, 0, 0, 1, 41.09, 54048, 937
1365, 198, 0, 1, 0, 0, 1.43%, 0, 0, 1, 40.14, 54253, 937
1370, 199, 0, 1, 0, 0, 1.43%, 0, 0, 1, 41.12, 54460, 937
1375, 200, 0, 1, 0, 0, 1.43%, 0, 0, 1, 33.02, 54611, 937
1380, 200, 0, 1, 0, 0, 1.43%, 0, 0, 1, 36.96, 54799, 937
1385, 201, 0, 1, 0, 0, 1.43%, 0, 0, 1, 44.59, 55033, 937
1390, 202, 0, 1, 0, 0, 1.43%, 0, 0, 1, 44.56, 55262, 937
1395, 203, 0, 1, 0, 0, 1.43%, 0, 0, 1, 43.99, 55478, 937
1400, 204, 0, 1, 0, 0, 1.43%, 0, 0, 1, 44.14, 55701, 937
1405, 205, 0, 1, 0, 0, 1.43%, 0, 0, 1, 42.36, 55912, 937
1411, 205, 0, 1, 0, 0, 1.43%, 0, 0, 1, 45.41, 56143, 937
1416, 206, 0, 1, 0, 0, 1.43%, 0, 0, 1, 46.28, 56379, 937
1421, 207, 0, 1, 0, 0, 1.43%, 0, 0, 1, 45.57, 56615, 937
1426, 208, 0, 1, 0, 0, 1.43%, 0, 0, 1, 42.11, 56821, 937
1431, 209, 0, 1, 0, 0, 1.43%, 0, 0, 1, 43.09, 57045, 937
1436, 209, 0, 1, 0, 0, 1.43%, 0, 0, 1, 38.50, 57230, 937
1441, 210, 0, 1, 0, 0, 1.43%, 0, 0, 1, 41.94, 57441, 937
1446, 211, 0, 1, 0, 0, 1.43%, 0, 0, 1, 42.17, 57658, 937
1451, 212, 0, 1, 0, 0, 1.43%, 0, 0, 1, 42.45, 57867, 937
1456, 212, 0, 1, 0, 0, 1.43%, 0, 0, 1, 41.83, 58080, 937
1461, 213, 0, 1, 0, 0, 1.43%, 0, 0, 1, 34.49, 58263, 937
1467, 214, 0, 1, 0, 0, 1.43%, 0, 0, 1, 41.86, 58480, 937
1472, 215, 0, 1, 0, 0, 1.43%, 0, 0, 1, 41.38, 58698, 937
1477, 215, 0, 1, 0, 0, 1.43%, 0, 0, 1, 35.91, 58879, 937
1482, 216, 0, 1, 0, 0, 1.43%, 0, 0, 1, 41.02, 59091, 937
1487, 217, 0, 1, 0, 0, 1.43%, 0, 0, 1, 40.26, 59294, 937
1492, 218, 0, 1, 0, 0, 1.43%, 0, 0, 1, 36.67, 59480, 937
1497, 218, 0, 1, 0, 0, 1.43%, 0, 0, 1, 43.51, 59698, 937
1502, 219, 0, 1, 0, 0, 1.43%, 0, 0, 1, 40.92, 59902, 937
1507, 220, 0, 1, 0, 0, 1.43%, 0, 0, 1, 41.24, 60119, 937
1512, 221, 0, 1, 0, 0, 1.43%, 0, 0, 1, 37.98, 60303, 937
1517, 221, 0, 1, 0, 0, 1.43%, 0, 0, 1, 39.43, 60505, 937
1523, 222, 0, 1, 0, 0, 1.43%, 0, 0, 1, 36.28, 60691, 937
1528, 223, 0, 1, 0, 0, 1.43%, 0, 0, 1, 37.06, 60876, 937
1533, 224, 0, 1, 0, 0, 1.43%, 0, 0, 1, 42.16, 61095, 937
1538, 224, 0, 1, 0, 0, 1.43%, 0, 0, 1, 42.74, 61313, 937
1543, 225, 0, 1, 0, 0, 1.43%, 0, 0, 1, 39.89, 61512, 937
1548, 226, 0, 1, 0, 0, 1.43%, 0, 0, 1, 31.52, 61670, 937
1553, 226, 0, 1, 0, 0, 1.43%, 0, 0, 1, 37.37, 61866, 937
1558, 227, 0, 1, 0, 0, 1.43%, 0, 0, 1, 39.33, 62068, 937
1563, 228, 0, 1, 0, 0, 1.43%, 0, 0, 1, 39.58, 62268, 937
1568, 229, 0, 1, 0, 0, 1.43%, 0, 0, 1, 40.59, 62478, 937
1573, 229, 0, 1, 0, 0, 1.43%, 0, 0, 1, 42.40, 62694, 937
1578, 230, 0, 1, 0, 0, 1.43%, 0, 0, 1, 40.96, 62904, 937
1584, 231, 0, 1, 0, 0, 1.43%, 0, 0, 1, 42.03, 63121, 937
1589, 232, 0, 1, 0, 0, 1.43%, 0, 0, 1, 39.18, 63315, 937
1594, 232, 0, 1, 0, 0, 1.43%, 0, 0, 1, 40.48, 63518, 937
1599, 233, 0, 1, 0, 0, 1.43%, 0, 0, 1, 43.89, 63741, 937
1604, 234, 0, 1, 0, 0, 1.43%, 0, 0, 1, 45.83, 63974, 937
1609, 235, 0, 1, 0, 0, 1.43%, 0, 0, 1, 43.32, 64186, 937
1614, 236, 0, 1, 0, 0, 1.43%, 0, 0, 1, 43.79, 64411, 937
1619, 236, 0, 1, 0, 0, 1.43%, 0, 0, 1, 43.35, 64631, 937
1624, 237, 0, 1, 0, 0, 1.43%, 0, 0, 1, 46.77, 64868, 937
1629, 238, 0, 1, 0, 0, 1.43%, 0, 0, 1, 47.12, 65104, 937
1634, 239, 0, 1, 0, 0, 1.43%, 0, 0, 1, 39.57, 65311, 937
1639, 240, 0, 1, 0, 0, 1.43%, 0, 0, 1, 44.68, 65543, 937
1644, 241, 0, 1, 0, 0, 1.43%, 0, 0, 1, 45.40, 65771, 937
1649, 241, 0, 1, 0, 0, 1.43%, 0, 0, 1, 45.76, 66004, 937
1654, 242, 0, 1, 0, 0, 1.43%, 0, 0, 1, 45.77, 66238, 937
1659, 243, 0, 1, 0, 0, 1.43%, 0, 0, 1, 46.63, 66477, 937
1665, 244, 0, 1, 0, 0, 1.43%, 0, 0, 1, 46.90, 66714, 937
1670, 245, 0, 1, 0, 0, 1.43%, 0, 0, 1, 44.46, 66874, 937
1675, 245, 0, 1, 0, 0, 1.43%, 0, 0, 1, 41.46, 67070, 937
1680, 246, 0, 1, 0, 0, 1.43%, 0, 0, 1, 46.11, 67310, 937
1685, 247, 0, 1, 0, 0, 1.43%, 0, 0, 1, 46.02, 67542, 937
1690, 248, 0, 1, 0, 0, 1.43%, 0, 0, 1, 43.51, 67766, 937
1695, 249, 0, 1, 0, 0, 1.43%, 0, 0, 1, 38.93, 67968, 937
1700, 249, 0, 1, 0, 0, 1.43%, 0, 0, 1, 38.60, 68156, 937
1705, 250, 0, 1, 0, 0, 1.43%, 0, 0, 1, 44.58, 68394, 937
1710, 251, 0, 1, 0, 0, 1.43%, 0, 0, 1, 47.05, 68634, 937
1715, 252, 0, 1, 0, 0, 1.43%, 0, 0, 1, 45.35, 68866, 937
1721, 253, 0, 1, 0, 0, 1.43%, 0, 0, 1, 44.23, 69090, 937
1726, 254, 0, 1, 0, 0, 1.43%, 0, 0, 1, 44.29, 69314, 937
1731, 254, 0, 1, 0, 0, 1.43%, 0, 0, 1, 33.60, 69485, 937
1736, 255, 0, 1, 0, 0, 1.43%, 0, 0, 1, 41.32, 69706, 937
1741, 256, 0, 1, 0, 0, 1.43%, 0, 0, 1, 46.78, 69949, 937
1746, 257, 0, 1, 0, 0, 1.43%, 0, 0, 1, 47.93, 70190, 937
1751, 258, 0, 1, 0, 0, 1.43%, 0, 0, 1, 46.29, 70418, 937
1756, 259, 0, 1, 0, 0, 1.43%, 0, 0, 1, 46.43, 70661, 937
1761, 259, 0, 1, 0, 0, 1.43%, 0, 0, 1, 47.09, 70898, 937
1766, 260, 0, 1, 0, 0, 1.43%, 0, 0, 1, 47.12, 71135, 937
1771, 261, 0, 1, 0, 0, 1.43%, 0, 0, 1, 47.77, 71375, 937
1776, 262, 0, 1, 0, 0, 1.43%, 0, 0, 1, 47.03, 71612, 937
1781, 263, 0, 1, 0, 0, 1.43%, 0, 0, 1, 47.81, 71855, 937
1787, 264, 0, 1, 0, 0, 1.43%, 0, 0, 1, 47.20, 72096, 937
1792, 265, 0, 1, 0, 0, 1.43%, 0, 0, 1, 44.38, 72316, 937
1797, 265, 0, 1, 0, 0, 1.43%, 0, 0, 1, 46.06, 72549, 937
1802, 266, 0, 1, 0, 0, 1.43%, 0, 0, 1, 47.07, 72785, 937
1807, 267, 0, 1, 0, 0, 1.43%, 0, 0, 1, 46.84, 73023, 937
1812, 268, 0, 1, 0, 0, 1.43%, 0, 0, 1, 48.65, 73270, 937
1817, 269, 0, 1, 0, 0, 1.43%, 0, 0, 1, 37.76, 73463, 937
1822, 270, 0, 1, 0, 0, 1.43%, 0, 0, 1, 43.57, 73695, 937
1827, 271, 0, 1, 0, 0, 1.43%, 0, 0, 1, 46.08, 73931, 937
1832, 271, 0, 1, 0, 0, 1.43%, 0, 0, 1, 47.57, 74179, 937
1838, 272, 0, 1, 0, 0, 1.43%, 0, 0, 1, 46.05, 74423, 937
1843, 273, 0, 1, 0, 0, 1.43%, 0, 0, 1, 46.23, 74655, 937
1848, 274, 0, 1, 0, 0, 1.43%, 0, 0, 1, 46.86, 74891, 937
1853, 275, 0, 1, 0, 0, 1.43%, 0, 0, 1, 48.63, 75146, 937
1858, 276, 0, 1, 0, 0, 1.43%, 0, 0, 1, 44.43, 75368, 937
1863, 277, 0, 1, 0, 0, 1.43%, 0, 0, 1, 47.10, 75603, 937
1868, 278, 0, 1, 0, 0, 1.43%, 0, 0, 1, 46.41, 75838, 937
1873, 278, 0, 1, 0, 0, 1.43%, 0, 0, 1, 46.59, 76083, 937
1878, 279, 0, 1, 0, 0, 1.43%, 0, 0, 1, 44.32, 76302, 937
1883, 280, 0, 1, 0, 0, 1.43%, 0, 0, 1, 46.79, 76538, 937
1888, 281, 0, 1, 0, 0, 1.43%, 0, 0, 1, 48.19, 76783, 937
1893, 282, 0, 1, 0, 0, 1.43%, 0, 0, 1, 48.30, 77024, 937
1898, 283, 0, 1, 0, 0, 1.43%, 0, 0, 1, 47.06, 77258, 937
1904, 284, 0, 1, 0, 0, 1.43%, 0, 0, 1, 46.99, 77497, 937
1909, 284, 0, 1, 0, 0, 1.43%, 0, 0, 1, 47.45, 77737, 937
1914, 285, 0, 1, 0, 0, 1.43%, 0, 0, 1, 47.11, 77975, 937
1919, 286, 0, 1, 0, 0, 1.43%, 0, 0, 1, 37.03, 78142, 937
1924, 287, 0, 1, 0, 0, 1.43%, 0, 0, 1, 43.64, 78361, 937
1929, 288, 0, 1, 0, 0, 1.43%, 0, 0, 1, 45.98, 78595, 937
1934, 288, 0, 1, 0, 0, 1.43%, 0, 0, 1, 46.59, 78831, 937
1939, 289, 0, 1, 0, 0, 1.43%, 0, 0, 1, 47.02, 79075, 937
1944, 290, 0, 1, 0, 0, 1.43%, 0, 0, 1, 47.02, 79311, 937
1949, 291, 0, 1, 0, 0, 1.43%, 0, 0, 1, 45.46, 79540, 937
1954, 292, 0, 1, 0, 0, 1.43%, 0, 0, 1, 46.49, 79774, 937
1959, 293, 0, 1, 0, 0, 1.43%, 0, 0, 1, 46.93, 80020, 937
1964, 294, 0, 1, 0, 0, 1.43%, 0, 0, 1, 48.00, 80259, 937
1970, 295, 0, 1, 0, 0, 1.43%, 0, 0, 1, 48.81, 80515, 937
1975, 296, 0, 1, 0, 0, 1.43%, 0, 0, 1, 47.40, 80757, 937
1980, 296, 0, 1, 0, 0, 1.43%, 0, 0, 1, 46.19, 80981, 937
1985, 297, 0, 1, 0, 0, 1.43%, 0, 0, 1, 48.93, 81234, 937
1990, 298, 0, 1, 0, 0, 1.43%, 0, 0, 1, 48.81, 81476, 937
1995, 299, 0, 1, 0, 0, 1.43%, 0, 0, 1, 38.49, 81678, 937
2000, 300, 0, 1, 0, 0, 1.43%, 0, 0, 1, 44.37, 81903, 937
2005, 301, 0, 1, 0, 0, 1.43%, 0, 0, 1, 48.25, 82149, 937
2010, 301, 0, 1, 0, 0, 1.43%, 0, 0, 1, 45.86, 82379, 937
2015, 302, 0, 1, 0, 0, 1.43%, 0, 0, 1, 48.12, 82623, 937
2020, 303, 0, 1, 0, 0, 1.43%, 0, 0, 1, 47.38, 82872, 937
2025, 304, 0, 1, 0, 0, 1.43%, 0, 0, 1, 46.79, 83105, 937
2031, 305, 0, 1, 0, 0, 1.43%, 0, 0, 1, 48.76, 83352, 937
2036, 306, 0, 1, 0, 0, 1.43%, 0, 0, 1, 47.94, 83595, 937
2041, 307, 0, 1, 0, 0, 1.43%, 0, 0, 1, 48.00, 83835, 937
2046, 308, 0, 1, 0, 0, 1.43%, 0, 0, 1, 49.16, 84083, 937
2051, 309, 0, 1, 0, 0, 1.43%, 0, 0, 1, 48.74, 84330, 937
2056, 309, 0, 1, 0, 0, 1.43%, 0, 0, 1, 45.70, 84561, 937
2061, 310, 0, 1, 0, 0, 1.43%, 0, 0, 1, 46.81, 84798, 937
2066, 311, 0, 1, 0, 0, 1.43%, 0, 0, 1, 48.22, 85042, 937
2071, 312, 0, 1, 0, 0, 1.43%, 0, 0, 1, 48.18, 85287, 937
2076, 313, 0, 1, 0, 0, 1.43%, 0, 0, 1, 47.96, 85530, 937
2081, 314, 0, 1, 0, 0, 1.43%, 0, 0, 1, 46.22, 85763, 937
2086, 315, 0, 1, 0, 0, 1.43%, 0, 0, 1, 37.90, 85967, 937
2091, 315, 0, 1, 0, 0, 1.43%, 0, 0, 1, 41.93, 86172, 937
2096, 316, 0, 1, 0, 0, 1.43%, 0, 0, 1, 44.53, 86402, 937
2101, 317, 0, 1, 0, 0, 1.43%, 0, 0, 1, 45.06, 86627, 937
2107, 318, 0, 1, 0, 0, 1.43%, 0, 0, 1, 45.89, 86862, 937
2112, 319, 0, 1, 0, 0, 1.43%, 0, 0, 1, 47.88, 87104, 937
2117, 320, 0, 1, 0, 0, 1.43%, 0, 0, 1, 47.97, 87346, 937
2122, 321, 0, 1, 0, 0, 1.43%, 0, 0, 1, 47.23, 87583, 937
2127, 321, 0, 1, 0, 0, 1.43%, 0, 0, 1, 47.11, 87828, 937
2132, 322, 0, 1, 0, 0, 1.43%, 0, 0, 1, 48.04, 88071, 937
2137, 323, 0, 1, 0, 0, 1.43%, 0, 0, 1, 46.61, 88306, 937
2142, 324, 0, 1, 0, 0, 1.43%, 0, 0, 1, 43.36, 88525, 937
2147, 325, 0, 1, 0, 0, 1.43%, 0, 0, 1, 39.67, 88732, 937
2152, 326, 0, 1, 0, 0, 1.43%, 0, 0, 1, 44.37, 88964, 937
2157, 326, 0, 1, 0, 0, 1.43%, 0, 0, 1, 45.70, 89199, 937
2162, 327, 0, 1, 0, 0, 1.43%, 0, 0, 1, 46.37, 89433, 937
2167, 328, 0, 1, 0, 0, 1.43%, 0, 0, 1, 48.55, 89683, 937
2172, 329, 0, 1, 0, 0, 1.43%, 0, 0, 1, 48.57, 89931, 937
2178, 330, 0, 1, 0, 0, 1.43%, 0, 0, 1, 38.72, 90131, 937
2183, 331, 0, 1, 0, 0, 1.43%, 0, 0, 1, 46.31, 90381, 937
2188, 332, 0, 1, 0, 0, 1.43%, 0, 0, 1, 46.11, 90614, 937
2193, 333, 0, 1, 0, 0, 1.43%, 0, 0, 1, 47.42, 90850, 937
2198, 333, 0, 1, 0, 0, 1.43%, 0, 0, 1, 48.93, 91106, 937
2203, 334, 0, 1, 0, 0, 1.43%, 0, 0, 1, 47.67, 91353, 937
2208, 335, 0, 1, 0, 0, 1.43%, 0, 0, 1, 47.28, 91591, 937
2213, 336, 0, 1, 0, 0, 1.43%, 0, 0, 1, 47.22, 91835, 937
2219, 337, 0, 1, 0, 0, 1.43%, 0, 0, 1, 47.51, 92080, 937
2224, 338, 0, 1, 0, 0, 1.43%, 0, 0, 1, 48.89, 92325, 937
2229, 339, 0, 1, 0, 0, 1.43%, 0, 0, 1, 49.09, 92579, 937
2234, 340, 0, 1, 0, 0, 1.43%, 0, 0, 1, 48.18, 92819, 937
2239, 340, 0, 1, 0, 0, 1.43%, 0, 0, 1, 41.13, 93019, 937
2244, 341, 0, 1, 0, 0, 1.43%, 0, 0, 1, 46.94, 93261, 937
2249, 342, 0, 1, 0, 0, 1.43%, 0, 0, 1, 49.33, 93511, 937
2254, 343, 0, 1, 0, 0, 1.43%, 0, 0, 1, 49.27, 93757, 937
2259, 344, 0, 1, 0, 0, 1.43%, 0, 0, 1, 48.90, 94001, 937
2264, 345, 0, 1, 0, 0, 1.43%, 0, 0, 1, 46.61, 94237, 937
2269, 346, 0, 1, 0, 0, 1.43%, 0, 0, 1, 37.85, 94425, 937
2274, 346, 0, 1, 0, 0, 1.43%, 0, 0, 1, 44.67, 94661, 937
2279, 347, 0, 1, 0, 0, 1.43%, 0, 0, 1, 44.42, 94888, 937
2284, 348, 0, 1, 0, 0, 1.43%, 0, 0, 1, 44.96, 95115, 937
2289, 349, 0, 1, 0, 0, 1.43%, 0, 0, 1, 46.09, 95350, 937
2295, 350, 0, 1, 0, 0, 1.43%, 0, 0, 1, 45.93, 95584, 937
2300, 351, 0, 1, 0, 0, 1.43%, 0, 0, 1, 44.72, 95809, 937
2305, 352, 0, 1, 0, 0, 1.43%, 0, 0, 1, 46.27, 96043, 937
2310, 352, 0, 1, 0, 0, 1.43%, 0, 0, 1, 46.34, 96279, 937
2315, 353, 0, 1, 0, 0, 1.43%, 0, 0, 1, 45.50, 96511, 937
2320, 354, 0, 1, 0, 0, 1.43%, 0, 0, 1, 46.44, 96746, 937
2325, 355, 0, 1, 0, 0, 1.43%, 0, 0, 1, 46.84, 96984, 937
2330, 356, 0, 1, 0, 0, 1.43%, 0, 0, 1, 42.63, 97192, 937
2335, 357, 0, 1, 0, 0, 1.43%, 0, 0, 1, 45.97, 97426, 937
2340, 357, 0, 1, 0, 0, 1.43%, 0, 0, 1, 47.96, 97670, 937
2345, 358, 0, 1, 0, 0, 1.43%, 0, 0, 1, 47.95, 97913, 937
2350, 359, 0, 1, 0, 0, 1.43%, 0, 0, 1, 47.67, 98150, 937
2355, 360, 0, 1, 0, 0, 1.43%, 0, 0, 1, 48.91, 98399, 937
2360, 361, 0, 1, 0, 0, 1.43%, 0, 0, 1, 47.63, 98648, 937
2365, 362, 0, 1, 0, 0, 1.43%, 0, 0, 1, 47.90, 98890, 937
2371, 363, 0, 1, 0, 0, 1.43%, 0, 0, 1, 38.34, 99075, 937
2376, 363, 0, 1, 0, 0, 1.43%, 0, 0, 1, 45.20, 99306, 937
2381, 364, 0, 1, 0, 0, 1.43%, 0, 0, 1, 47.90, 99549, 937
2386, 365, 0, 1, 0, 0, 1.43%, 0, 0, 1, 48.94, 99796, 937
2391, 366, 0, 1, 0, 0, 1.43%, 0, 0, 1, 48.86, 100043, 937
2396, 367, 0, 1, 0, 0, 1.43%, 0, 0, 1, 48.76, 100293, 937
2401, 368, 0, 1, 0, 0, 1.43%, 0, 0, 1, 46.78, 100527, 937
2406, 369, 0, 1, 0, 0, 1.43%, 0, 0, 1, 47.53, 100765, 937
2411, 370, 0, 1, 0, 0, 1.43%, 0, 0, 1, 49.08, 101016, 937
2416, 371, 0, 1, 0, 0, 1.43%, 0, 0, 1, 49.23, 101265, 937
2421, 372, 0, 1, 0, 0, 1.43%, 0, 0, 1, 46.95, 101501, 937
2426, 372, 0, 1, 0, 0, 1.43%, 0, 0, 1, 46.35, 101736, 937
2431, 373, 0, 1, 0, 0, 1.43%, 0, 0, 1, 42.64, 101947, 937
2436, 374, 0, 1, 0, 0, 1.43%, 0, 0, 1, 46.95, 102190, 937
2441, 375, 0, 1, 0, 0, 1.43%, 0, 0, 1, 47.99, 102432, 937
2446, 376, 0, 1, 0, 0, 1.43%, 0, 0, 1, 48.98, 102677, 937
2451, 377, 0, 1, 0, 0, 1.43%, 0, 0, 1, 47.91, 102919, 937
2457, 377, 0, 1, 0, 0, 1.43%, 0, 0, 1, 42.70, 103113, 937
2462, 378, 0, 1, 0, 0, 1.43%, 0, 0, 1, 46.16, 103345, 937
2467, 379, 0, 1, 0, 0, 1.43%, 0, 0, 1, 48.22, 103589, 937
2472, 380, 0, 1, 0, 0, 1.43%, 0, 0, 1, 49.54, 103842, 937
2477, 381, 0, 1, 0, 0, 1.43%, 0, 0, 1, 49.53, 104090, 937
2482, 382, 0, 1, 0, 0, 1.43%, 0, 0, 1, 47.63, 104338, 937
2487, 383, 0, 1, 0, 0, 1.43%, 0, 0, 1, 48.03, 104579, 937
2492, 384, 0, 1, 0, 0, 1.43%, 0, 0, 1, 47.32, 104820, 937
2497, 385, 0, 1, 0, 0, 1.43%, 0, 0, 1, 44.68, 105055, 937
2502, 385, 0, 1, 0, 0, 1.43%, 0, 0, 1, 40.03, 105226, 937
2507, 386, 0, 1, 0, 0, 1.43%, 0, 0, 1, 47.38, 105480, 937
2512, 387, 0, 1, 0, 0, 1.43%, 0, 0, 1, 46.37, 105720, 937
2517, 388, 0, 1, 0, 0, 1.43%, 0, 0, 1, 45.50, 105942, 937
2522, 389, 0, 1, 0, 0, 1.43%, 0, 0, 1, 48.70, 106189, 937
2528, 390, 0, 1, 0, 0, 1.43%, 0, 0, 1, 48.70, 106439, 937
2533, 391, 0, 1, 0, 0, 1.43%, 0, 0, 1, 48.86, 106691, 937
2538, 391, 0, 1, 0, 0, 1.43%, 0, 0, 1, 39.76, 106896, 937
2543, 392, 0, 1, 0, 0, 1.43%, 0, 0, 1, 46.41, 107133, 937
2548, 393, 0, 1, 0, 0, 1.43%, 0, 0, 1, 48.99, 107382, 937
2553, 394, 0, 1, 0, 0, 1.43%, 0, 0, 1, 48.53, 107624, 937
2558, 395, 0, 1, 0, 0, 1.43%, 0, 0, 1, 49.91, 107881, 937
2563, 396, 0, 1, 0, 0, 1.43%, 0, 0, 1, 49.15, 108131, 937
2568, 397, 0, 1, 0, 0, 1.43%, 0, 0, 1, 48.11, 108374, 937
2573, 398, 0, 1, 0, 0, 1.43%, 0, 0, 1, 45.81, 108606, 937
2578, 398, 0, 1, 0, 0, 1.43%, 0, 0, 1, 48.38, 108853, 937
2583, 399, 0, 1, 0, 0, 1.43%, 0, 0, 1, 49.86, 109108, 937
2589, 400, 0, 1, 0, 0, 1.43%, 0, 0, 1, 50.27, 109363, 937
2594, 401, 0, 1, 0, 0, 1.43%, 0, 0, 1, 50.15, 109618, 937
2599, 402, 0, 1, 0, 0, 1.43%, 0, 0, 1, 45.47, 109851, 937
2604, 403, 0, 1, 0, 0, 1.43%, 0, 0, 1, 48.90, 110101, 937
2609, 404, 0, 1, 0, 0, 1.43%, 0, 0, 1, 48.11, 110348, 937
2614, 405, 0, 1, 0, 0, 1.43%, 0, 0, 1, 47.24, 110584, 937
2619, 406, 0, 1, 0, 0, 1.43%, 0, 0, 1, 48.69, 110830, 937
2624, 407, 0, 1, 0, 0, 1.43%, 0, 0, 1, 47.86, 111076, 937
2629, 407, 0, 1, 0, 0, 1.43%, 0, 0, 1, 40.89, 111283, 937
2634, 408, 0, 1, 0, 0, 1.43%, 0, 0, 1, 47.03, 111530, 937
2639, 409, 0, 1, 0, 0, 1.43%, 0, 0, 1, 46.92, 111770, 937
2644, 410, 0, 1, 0, 0, 1.43%, 0, 0, 1, 49.18, 112023, 937
2649, 411, 0, 1, 0, 0, 1.43%, 0, 0, 1, 49.77, 112275, 937
2655, 412, 0, 1, 0, 0, 1.43%, 0, 0, 1, 49.72, 112528, 937
2660, 413, 0, 1, 0, 0, 1.43%, 0, 0, 1, 48.70, 112770, 937
2665, 414, 0, 1, 0, 0, 1.43%, 0, 0, 1, 49.04, 113015, 937
2670, 415, 0, 1, 0, 0, 1.43%, 0, 0, 1, 48.97, 113263, 937
2675, 416, 0, 1, 0, 0, 1.43%, 0, 0, 1, 49.04, 113516, 937
2680, 416, 0, 1, 0, 0, 1.43%, 0, 0, 1, 46.96, 113745, 937
2685, 417, 0, 1, 0, 0, 1.43%, 0, 0, 1, 46.16, 113977, 937
2690, 418, 0, 1, 0, 0, 1.43%, 0, 0, 1, 43.23, 114192, 937
2695, 419, 0, 1, 0, 0, 1.43%, 0, 0, 1, 46.88, 114440, 937
2700, 420, 0, 1, 0, 0, 1.43%, 0, 0, 1, 45.55, 114668, 937
2705, 421, 0, 1, 0, 0, 1.43%, 0, 0, 1, 47.41, 114911, 937
2710, 422, 0, 1, 0, 0, 1.43%, 0, 0, 1, 47.51, 115156, 937
2716, 422, 0, 1, 0, 0, 1.43%, 0, 0, 1, 48.13, 115405, 937
2721, 423, 0, 1, 0, 0, 1.43%, 0, 0, 1, 47.68, 115643, 937
2726, 424, 0, 1, 0, 0, 1.43%, 0, 0, 1, 44.41, 115869, 937
2731, 425, 0, 1, 0, 0, 1.43%, 0, 0, 1, 38.70, 116050, 937
2736, 426, 0, 1, 0, 0, 1.43%, 0, 0, 1, 46.84, 116300, 937
2741, 427, 0, 1, 0, 0, 1.43%, 0, 0, 1, 48.58, 116553, 937
2746, 428, 0, 1, 0, 0, 1.43%, 0, 0, 1, 47.12, 116792, 937
2751, 428, 0, 1, 0, 0, 1.43%, 0, 0, 1, 49.26, 117044, 937
2756, 429, 0, 1, 0, 0, 1.43%, 0, 0, 1, 49.56, 117292, 937
2761, 430, 0, 1, 0, 0, 1.43%, 0, 0, 1, 44.54, 117515, 937
2766, 431, 0, 1, 0, 0, 1.43%, 0, 0, 1, 45.97, 117747, 937
2771, 432, 0, 1, 0, 0, 1.43%, 0, 0, 1, 46.41, 117984, 937
2776, 433, 0, 1, 0, 0, 1.43%, 0, 0, 1, 48.73, 118235, 937
2782, 434, 0, 1, 0, 0, 1.43%, 0, 0, 1, 49.96, 118491, 937
2787, 435, 0, 1, 0, 0, 1.43%, 0, 0, 1, 49.56, 118747, 937
2792, 436, 0, 1, 0, 0, 1.43%, 0, 0, 1, 48.63, 118980, 937
2797, 436, 0, 1, 0, 0, 1.43%, 0, 0, 1, 49.25, 119226, 937
2802, 437, 0, 1, 0, 0, 1.43%, 0, 0, 1, 48.98, 119473, 937
3800, 438, 0, 1, 0, 0, 1.43%, 0, 0, 1, 0.00, 119564, 937
3801, 438, 0, 1, 0, 0, 1.43%, 0, 0, 1, 0.00, 119592, 937
