# relative_time, cycles_done, cur_item, corpus_count, pending_total, pending_favs, map_size, saved_crashes, saved_hangs, max_depth, execs_per_sec, total_execs, edges_found
61, 7, 0, 1, 0, 0, 1.81%, 0, 0, 1, 33.22, 1880, 1186
66, 7, 0, 1, 0, 0, 1.81%, 0, 0, 1, 34.04, 2053, 1186
71, 8, 0, 1, 0, 0, 1.81%, 0, 0, 1, 30.24, 2197, 1186
76, 8, 0, 1, 0, 0, 1.81%, 0, 0, 1, 33.49, 2368, 1186
81, 9, 0, 1, 0, 0, 1.81%, 0, 0, 1, 32.87, 2535, 1186
86, 10, 0, 1, 0, 0, 1.81%, 0, 0, 1, 32.96, 2708, 1186
92, 10, 0, 1, 0, 0, 1.81%, 0, 0, 1, 33.62, 2883, 1186
97, 11, 0, 1, 0, 0, 1.81%, 0, 0, 1, 33.72, 3053, 1186
102, 12, 0, 1, 0, 0, 1.81%, 0, 0, 1, 33.80, 3227, 1186
107, 12, 0, 1, 0, 0, 1.81%, 0, 0, 1, 34.19, 3399, 1186
112, 13, 0, 1, 0, 0, 1.81%, 0, 0, 1, 33.21, 3561, 1186
117, 13, 0, 1, 0, 0, 1.81%, 0, 0, 1, 33.18, 3728, 1186
122, 14, 0, 1, 0, 0, 1.81%, 0, 0, 1, 33.88, 3900, 1186
127, 15, 0, 1, 0, 0, 1.81%, 0, 0, 1, 34.48, 4078, 1186
132, 15, 0, 1, 0, 0, 1.81%, 0, 0, 1, 32.28, 4235, 1186
137, 16, 0, 1, 0, 0, 1.81%, 0, 0, 1, 33.83, 4405, 1186
142, 17, 0, 1, 0, 0, 1.81%, 0, 0, 1, 34.76, 4585, 1186
147, 17, 0, 1, 0, 0, 1.81%, 0, 0, 1, 34.71, 4764, 1186
153, 18, 0, 1, 0, 0, 1.81%, 0, 0, 1, 34.49, 4939, 1186
158, 18, 0, 1, 0, 0, 1.81%, 0, 0, 1, 30.14, 5097, 1186
163, 19, 0, 1, 0, 0, 1.81%, 0, 0, 1, 32.53, 5261, 1186
168, 20, 0, 1, 0, 0, 1.81%, 0, 0, 1, 32.82, 5430, 1186
173, 20, 0, 1, 0, 0, 1.81%, 0, 0, 1, 34.07, 5603, 1186
178, 21, 0, 1, 0, 0, 1.81%, 0, 0, 1, 33.44, 5774, 1186
183, 21, 0, 1, 0, 0, 1.81%, 0, 0, 1, 33.09, 5943, 1186
188, 22, 0, 1, 0, 0, 1.81%, 0, 0, 1, 33.89, 6117, 1186
193, 23, 0, 1, 0, 0, 1.81%, 0, 0, 1, 33.18, 6285, 1186
199, 23, 0, 1, 0, 0, 1.81%, 0, 0, 1, 33.63, 6457, 1186
204, 24, 0, 1, 0, 0, 1.81%, 0, 0, 1, 33.67, 6628, 1186
209, 25, 0, 1, 0, 0, 1.81%, 0, 0, 1, 33.63, 6797, 1186
214, 25, 0, 1, 0, 0, 1.81%, 0, 0, 1, 33.80, 6971, 1186
219, 26, 0, 1, 0, 0, 1.81%, 0, 0, 1, 31.25, 7127, 1186
224, 26, 0, 1, 0, 0, 1.81%, 0, 0, 1, 33.84, 7303, 1186
229, 27, 0, 1, 0, 0, 1.81%, 0, 0, 1, 34.15, 7478, 1186
234, 28, 0, 1, 0, 0, 1.81%, 0, 0, 1, 34.34, 7657, 1186
240, 28, 0, 1, 0, 0, 1.81%, 0, 0, 1, 34.55, 7832, 1186
245, 29, 0, 1, 0, 0, 1.81%, 0, 0, 1, 33.38, 8001, 1186
250, 30, 0, 1, 0, 0, 1.81%, 0, 0, 1, 33.00, 8171, 1186
255, 30, 0, 1, 0, 0, 1.81%, 0, 0, 1, 29.02, 8320, 1186
260, 31, 0, 1, 0, 0, 1.81%, 0, 0, 1, 32.16, 8487, 1186
265, 31, 0, 1, 0, 0, 1.81%, 0, 0, 1, 33.51, 8657, 1186
270, 32, 0, 1, 0, 0, 1.81%, 0, 0, 1, 29.98, 8818, 1186
275, 33, 0, 1, 0, 0, 1.81%, 0, 0, 1, 26.82, 8949, 1186
280, 33, 0, 1, 0, 0, 1.81%, 0, 0, 1, 26.85, 9081, 1186
285, 34, 0, 1, 0, 0, 1.81%, 0, 0, 1, 29.16, 9240, 1186
291, 34, 0, 1, 0, 0, 1.81%, 0, 0, 1, 30.29, 9395, 1186
296, 35, 0, 1, 0, 0, 1.81%, 0, 0, 1, 31.01, 9556, 1186
301, 35, 0, 1, 0, 0, 1.81%, 0, 0, 1, 25.54, 9686, 1186
306, 36, 0, 1, 0, 0, 1.81%, 0, 0, 1, 19.88, 9779, 1186
311, 36, 0, 1, 0, 0, 1.81%, 0, 0, 1, 19.23, 9878, 1186
316, 36, 0, 1, 0, 0, 1.81%, 0, 0, 1, 17.33, 9962, 1186
321, 37, 0, 1, 0, 0, 1.81%, 0, 0, 1, 19.62, 10065, 1186
326, 37, 0, 1, 0, 0, 1.81%, 0, 0, 1, 20.61, 10171, 1186
332, 37, 0, 1, 0, 0, 1.81%, 0, 0, 1, 18.99, 10271, 1186
337, 38, 0, 1, 0, 0, 1.81%, 0, 0, 1, 16.71, 10354, 1186
342, 38, 0, 1, 0, 0, 1.81%, 0, 0, 1, 17.98, 10449, 1186
347, 38, 0, 1, 0, 0, 1.81%, 0, 0, 1, 16.07, 10528, 1186
352, 39, 0, 1, 0, 0, 1.81%, 0, 0, 1, 16.14, 10606, 1186
357, 39, 0, 1, 0, 0, 1.81%, 0, 0, 1, 16.88, 10693, 1186
362, 39, 0, 1, 0, 0, 1.81%, 0, 0, 1, 17.39, 10783, 1186
368, 40, 0, 1, 0, 0, 1.81%, 0, 0, 1, 17.07, 10870, 1186
373, 40, 0, 1, 0, 0, 1.81%, 0, 0, 1, 18.13, 10965, 1186
378, 40, 0, 1, 0, 0, 1.81%, 0, 0, 1, 18.36, 11059, 1186
383, 41, 0, 1, 0, 0, 1.81%, 0, 0, 1, 18.54, 11156, 1186
388, 41, 0, 1, 0, 0, 1.81%, 0, 0, 1, 17.65, 11239, 1186
393, 41, 0, 1, 0, 0, 1.81%, 0, 0, 1, 17.54, 11330, 1186
398, 42, 0, 1, 0, 0, 1.81%, 0, 0, 1, 17.40, 11413, 1186
403, 42, 0, 1, 0, 0, 1.81%, 0, 0, 1, 17.98, 11506, 1186
408, 42, 0, 1, 0, 0, 1.81%, 0, 0, 1, 17.66, 11599, 1186
414, 43, 0, 1, 0, 0, 1.81%, 0, 0, 1, 15.96, 11679, 1186
419, 43, 0, 1, 0, 0, 1.81%, 0, 0, 1, 17.66, 11769, 1186
424, 43, 0, 1, 0, 0, 1.81%, 0, 0, 1, 17.74, 11857, 1186
429, 43, 0, 1, 0, 0, 1.81%, 0, 0, 1, 16.95, 11940, 1186
434, 44, 0, 1, 0, 0, 1.81%, 0, 0, 1, 15.84, 12017, 1186
439, 44, 0, 1, 0, 0, 1.81%, 0, 0, 1, 17.77, 12113, 1186
444, 44, 0, 1, 0, 0, 1.81%, 0, 0, 1, 18.47, 12203, 1186
450, 45, 0, 1, 0, 0, 1.81%, 0, 0, 1, 19.26, 12311, 1186
455, 45, 0, 1, 0, 0, 1.81%, 0, 0, 1, 18.46, 12403, 1186
460, 46, 0, 1, 0, 0, 1.81%, 0, 0, 1, 20.52, 12511, 1186
465, 46, 0, 1, 0, 0, 1.81%, 0, 0, 1, 21.49, 12618, 1186
470, 46, 0, 1, 0, 0, 1.81%, 0, 0, 1, 20.25, 12717, 1186
475, 47, 0, 1, 0, 0, 1.81%, 0, 0, 1, 17.98, 12807, 1186
480, 47, 0, 1, 0, 0, 1.81%, 0, 0, 1, 16.64, 12887, 1186
485, 47, 0, 1, 0, 0, 1.81%, 0, 0, 1, 17.20, 12977, 1186
490, 48, 0, 1, 0, 0, 1.81%, 0, 0, 1, 18.53, 13069, 1186
495, 48, 0, 1, 0, 0, 1.81%, 0, 0, 1, 18.04, 13163, 1186
500, 48, 0, 1, 0, 0, 1.81%, 0, 0, 1, 16.50, 13248, 1186
505, 49, 0, 1, 0, 0, 1.81%, 0, 0, 1, 16.97, 13334, 1186
511, 49, 0, 1, 0, 0, 1.81%, 0, 0, 1, 17.27, 13424, 1186
516, 49, 0, 1, 0, 0, 1.81%, 0, 0, 1, 17.96, 13518, 1186
521, 50, 0, 1, 0, 0, 1.81%, 0, 0, 1, 16.15, 13597, 1186
526, 50, 0, 1, 0, 0, 1.81%, 0, 0, 1, 16.70, 13685, 1186
531, 50, 0, 1, 0, 0, 1.81%, 0, 0, 1, 16.17, 13768, 1186
536, 51, 0, 1, 0, 0, 1.81%, 0, 0, 1, 18.62, 13867, 1186
541, 51, 0, 1, 0, 0, 1.81%, 0, 0, 1, 18.14, 13961, 1186
546, 51, 0, 1, 0, 0, 1.81%, 0, 0, 1, 18.61, 14055, 1186
551, 52, 0, 1, 0, 0, 1.81%, 0, 0, 1, 17.93, 14148, 1186
557, 52, 0, 1, 0, 0, 1.81%, 0, 0, 1, 16.81, 14234, 1186
562, 52, 0, 1, 0, 0, 1.81%, 0, 0, 1, 16.63, 14318, 1186
567, 52, 0, 1, 0, 0, 1.81%, 0, 0, 1, 17.20, 14408, 1186
572, 53, 0, 1, 0, 0, 1.81%, 0, 0, 1, 17.02, 14496, 1186
577, 53, 0, 1, 0, 0, 1.81%, 0, 0, 1, 15.86, 14579, 1186
582, 53, 0, 1, 0, 0, 1.81%, 0, 0, 1, 16.27, 14664, 1186
588, 54, 0, 1, 0, 0, 1.81%, 0, 0, 1, 16.58, 14752, 1186
593, 54, 0, 1, 0, 0, 1.81%, 0, 0, 1, 16.22, 14829, 1186
598, 54, 0, 1, 0, 0, 1.81%, 0, 0, 1, 19.63, 14935, 1186
603, 55, 0, 1, 0, 0, 1.81%, 0, 0, 1, 16.61, 15020, 1186
608, 55, 0, 1, 0, 0, 1.81%, 0, 0, 1, 16.44, 15100, 1186
613, 55, 0, 1, 0, 0, 1.81%, 0, 0, 1, 17.66, 15187, 1186
618, 56, 0, 1, 0, 0, 1.81%, 0, 0, 1, 16.14, 15264, 1186
624, 56, 0, 1, 0, 0, 1.81%, 0, 0, 1, 18.11, 15357, 1186
629, 56, 0, 1, 0, 0, 1.81%, 0, 0, 1, 18.79, 15456, 1186
634, 57, 0, 1, 0, 0, 1.81%, 0, 0, 1, 18.72, 15551, 1186
639, 57, 0, 1, 0, 0, 1.81%, 0, 0, 1, 17.86, 15645, 1186
644, 57, 0, 1, 0, 0, 1.81%, 0, 0, 1, 16.21, 15727, 1186
649, 58, 0, 1, 0, 0, 1.81%, 0, 0, 1, 14.47, 15799, 1186
654, 58, 0, 1, 0, 0, 1.81%, 0, 0, 1, 15.98, 15880, 1186
659, 58, 0, 1, 0, 0, 1.81%, 0, 0, 1, 16.48, 15964, 1186
665, 59, 0, 1, 0, 0, 1.81%, 0, 0, 1, 16.22, 16050, 1186
670, 59, 0, 1, 0, 0, 1.81%, 0, 0, 1, 17.10, 16137, 1186
675, 59, 0, 1, 0, 0, 1.81%, 0, 0, 1, 17.16, 16226, 1186
680, 59, 0, 1, 0, 0, 1.81%, 0, 0, 1, 16.45, 16310, 1186
685, 60, 0, 1, 0, 0, 1.81%, 0, 0, 1, 22.30, 16420, 1186
690, 60, 0, 1, 0, 0, 1.81%, 0, 0, 1, 23.03, 16542, 1186
695, 61, 0, 1, 0, 0, 1.81%, 0, 0, 1, 18.82, 16634, 1186
700, 61, 0, 1, 0, 0, 1.81%, 0, 0, 1, 19.76, 16737, 1186
705, 61, 0, 1, 0, 0, 1.81%, 0, 0, 1, 22.29, 16855, 1186
710, 62, 0, 1, 0, 0, 1.81%, 0, 0, 1, 23.07, 16972, 1186
715, 62, 0, 1, 0, 0, 1.81%, 0, 0, 1, 21.32, 17081, 1186
720, 63, 0, 1, 0, 0, 1.81%, 0, 0, 1, 25.92, 17215, 1186
725, 63, 0, 1, 0, 0, 1.81%, 0, 0, 1, 25.44, 17349, 1186
731, 64, 0, 1, 0, 0, 1.81%, 0, 0, 1, 23.66, 17472, 1186
736, 64, 0, 1, 0, 0, 1.81%, 0, 0, 1, 24.58, 17601, 1186
741, 65, 0, 1, 0, 0, 1.81%, 0, 0, 1, 21.44, 17706, 1186
746, 65, 0, 1, 0, 0, 1.81%, 0, 0, 1, 28.05, 17853, 1186
751, 66, 0, 1, 0, 0, 1.81%, 0, 0, 1, 30.04, 18009, 1186
756, 66, 0, 1, 0, 0, 1.81%, 0, 0, 1, 27.09, 18147, 1186
761, 67, 0, 1, 0, 0, 1.81%, 0, 0, 1, 27.95, 18288, 1186
766, 67, 0, 1, 0, 0, 1.81%, 0, 0, 1, 29.46, 18438, 1186
772, 68, 0, 1, 0, 0, 1.81%, 0, 0, 1, 24.59, 18561, 1186
777, 68, 0, 1, 0, 0, 1.81%, 0, 0, 1, 26.60, 18698, 1186
782, 69, 0, 1, 0, 0, 1.81%, 0, 0, 1, 29.75, 18856, 1186
787, 69, 0, 1, 0, 0, 1.81%, 0, 0, 1, 27.64, 19004, 1186
792, 70, 0, 1, 0, 0, 1.81%, 0, 0, 1, 24.97, 19126, 1186
797, 70, 0, 1, 0, 0, 1.81%, 0, 0, 1, 20.64, 19232, 1186
802, 71, 0, 1, 0, 0, 1.81%, 0, 0, 1, 22.08, 19347, 1186
807, 71, 0, 1, 0, 0, 1.81%, 0, 0, 1, 22.38, 19463, 1186
813, 71, 0, 1, 0, 0, 1.81%, 0, 0, 1, 24.54, 19590, 1186
818, 72, 0, 1, 0, 0, 1.81%, 0, 0, 1, 24.75, 19722, 1186
823, 72, 0, 1, 0, 0, 1.81%, 0, 0, 1, 26.86, 19857, 1186
828, 73, 0, 1, 0, 0, 1.81%, 0, 0, 1, 28.81, 19999, 1186
833, 74, 0, 1, 0, 0, 1.81%, 0, 0, 1, 31.85, 20164, 1186
838, 74, 0, 1, 0, 0, 1.81%, 0, 0, 1, 30.27, 20322, 1186
843, 75, 0, 1, 0, 0, 1.81%, 0, 0, 1, 28.13, 20458, 1186
848, 75, 0, 1, 0, 0, 1.81%, 0, 0, 1, 22.17, 20558, 1186
854, 75, 0, 1, 0, 0, 1.81%, 0, 0, 1, 21.50, 20665, 1186
859, 76, 0, 1, 0, 0, 1.81%, 0, 0, 1, 22.50, 20775, 1186
864, 76, 0, 1, 0, 0, 1.81%, 0, 0, 1, 23.04, 20890, 1186
869, 77, 0, 1, 0, 0, 1.81%, 0, 0, 1, 21.41, 20999, 1186
874, 77, 0, 1, 0, 0, 1.81%, 0, 0, 1, 21.58, 21103, 1186
879, 77, 0, 1, 0, 0, 1.81%, 0, 0, 1, 24.84, 21232, 1186
884, 78, 0, 1, 0, 0, 1.81%, 0, 0, 1, 27.12, 21372, 1186
889, 79, 0, 1, 0, 0, 1.81%, 0, 0, 1, 28.41, 21525, 1186
894, 79, 0, 1, 0, 0, 1.81%, 0, 0, 1, 31.08, 21680, 1186
900, 80, 0, 1, 0, 0, 1.81%, 0, 0, 1, 32.60, 21852, 1186
905, 80, 0, 1, 0, 0, 1.81%, 0, 0, 1, 33.66, 22025, 1186
910, 81, 0, 1, 0, 0, 1.81%, 0, 0, 1, 32.95, 22198, 1186
915, 82, 0, 1, 0, 0, 1.81%, 0, 0, 1, 33.82, 22370, 1186
920, 82, 0, 1, 0, 0, 1.81%, 0, 0, 1, 34.00, 22543, 1186
925, 83, 0, 1, 0, 0, 1.81%, 0, 0, 1, 34.30, 22719, 1186
930, 83, 0, 1, 0, 0, 1.81%, 0, 0, 1, 28.02, 22853, 1186
935, 84, 0, 1, 0, 0, 1.81%, 0, 0, 1, 24.84, 22976, 1186
941, 84, 0, 1, 0, 0, 1.81%, 0, 0, 1, 25.22, 23100, 1186
946, 85, 0, 1, 0, 0, 1.81%, 0, 0, 1, 27.98, 23250, 1186
951, 85, 0, 1, 0, 0, 1.81%, 0, 0, 1, 27.03, 23389, 1186
956, 86, 0, 1, 0, 0, 1.81%, 0, 0, 1, 28.56, 23535, 1186
961, 86, 0, 1, 0, 0, 1.81%, 0, 0, 1, 28.79, 23677, 1186
966, 87, 0, 1, 0, 0, 1.81%, 0, 0, 1, 25.14, 23800, 1186
971, 87, 0, 1, 0, 0, 1.81%, 0, 0, 1, 20.79, 23902, 1186
976, 88, 0, 1, 0, 0, 1.81%, 0, 0, 1, 23.64, 24023, 1186
981, 88, 0, 1, 0, 0, 1.81%, 0, 0, 1, 25.15, 24154, 1186
986, 89, 0, 1, 0, 0, 1.81%, 0, 0, 1, 26.29, 24290, 1186
991, 89, 0, 1, 0, 0, 1.81%, 0, 0, 1, 26.85, 24433, 1186
997, 90, 0, 1, 0, 0, 1.81%, 0, 0, 1, 29.49, 24590, 1186
1002, 90, 0, 1, 0, 0, 1.81%, 0, 0, 1, 27.63, 24729, 1186
1007, 91, 0, 1, 0, 0, 1.81%, 0, 0, 1, 20.67, 24828, 1186
1012, 91, 0, 1, 0, 0, 1.81%, 0, 0, 1, 23.47, 24948, 1186
1017, 92, 0, 1, 0, 0, 1.81%, 0, 0, 1, 28.72, 25099, 1186
1022, 92, 0, 1, 0, 0, 1.81%, 0, 0, 1, 27.04, 25232, 1186
1027, 93, 0, 1, 0, 0, 1.81%, 0, 0, 1, 31.18, 25398, 1186
1032, 93, 0, 1, 0, 0, 1.81%, 0, 0, 1, 29.08, 25548, 1186
1038, 94, 0, 1, 0, 0, 1.81%, 0, 0, 1, 28.22, 25697, 1186
1043, 94, 0, 1, 0, 0, 1.81%, 0, 0, 1, 27.60, 25834, 1186
1048, 95, 0, 1, 0, 0, 1.81%, 0, 0, 1, 26.56, 25969, 1186
1053, 95, 0, 1, 0, 0, 1.81%, 0, 0, 1, 30.22, 26118, 1186
1058, 96, 0, 1, 0, 0, 1.81%, 0, 0, 1, 33.03, 26289, 1186
1063, 97, 0, 1, 0, 0, 1.81%, 0, 0, 1, 31.52, 26454, 1186
1068, 97, 0, 1, 0, 0, 1.81%, 0, 0, 1, 26.85, 26591, 1186
1073, 98, 0, 1, 0, 0, 1.81%, 0, 0, 1, 25.41, 26715, 1186
1078, 98, 0, 1, 0, 0, 1.81%, 0, 0, 1, 22.99, 26831, 1186
1084, 98, 0, 1, 0, 0, 1.81%, 0, 0, 1, 21.89, 26942, 1186
1089, 99, 0, 1, 0, 0, 1.81%, 0, 0, 1, 22.61, 27054, 1186
1094, 99, 0, 1, 0, 0, 1.81%, 0, 0, 1, 22.56, 27169, 1186
1099, 100, 0, 1, 0, 0, 1.81%, 0, 0, 1, 24.03, 27295, 1186
1104, 100, 0, 1, 0, 0, 1.81%, 0, 0, 1, 23.98, 27415, 1186
1109, 101, 0, 1, 0, 0, 1.81%, 0, 0, 1, 24.61, 27537, 1186
1114, 101, 0, 1, 0, 0, 1.81%, 0, 0, 1, 24.96, 27662, 1186
1119, 102, 0, 1, 0, 0, 1.81%, 0, 0, 1, 25.81, 27794, 1186
1124, 102, 0, 1, 0, 0, 1.81%, 0, 0, 1, 24.78, 27920, 1186
1129, 102, 0, 1, 0, 0, 1.81%, 0, 0, 1, 22.39, 28035, 1186
1135, 103, 0, 1, 0, 0, 1.81%, 0, 0, 1, 25.30, 28169, 1186
1140, 103, 0, 1, 0, 0, 1.81%, 0, 0, 1, 22.83, 28289, 1186
1145, 104, 0, 1, 0, 0, 1.81%, 0, 0, 1, 23.02, 28406, 1186
1150, 104, 0, 1, 0, 0, 1.81%, 0, 0, 1, 21.89, 28514, 1186
1155, 105, 0, 1, 0, 0, 1.81%, 0, 0, 1, 19.92, 28611, 1186
1160, 105, 0, 1, 0, 0, 1.81%, 0, 0, 1, 21.72, 28723, 1186
1165, 105, 0, 1, 0, 0, 1.81%, 0, 0, 1, 21.80, 28836, 1186
1171, 106, 0, 1, 0, 0, 1.81%, 0, 0, 1, 24.25, 28965, 1186
1176, 106, 0, 1, 0, 0, 1.81%, 0, 0, 1, 25.01, 29092, 1186
1181, 107, 0, 1, 0, 0, 1.81%, 0, 0, 1, 24.81, 29220, 1186
1186, 107, 0, 1, 0, 0, 1.81%, 0, 0, 1, 23.71, 29337, 1186
1191, 108, 0, 1, 0, 0, 1.81%, 0, 0, 1, 21.75, 29446, 1186
1196, 108, 0, 1, 0, 0, 1.81%, 0, 0, 1, 21.52, 29556, 1186
1201, 108, 0, 1, 0, 0, 1.81%, 0, 0, 1, 21.88, 29664, 1186
1206, 109, 0, 1, 0, 0, 1.81%, 0, 0, 1, 20.36, 29769, 1186
1211, 109, 0, 1, 0, 0, 1.81%, 0, 0, 1, 20.15, 29874, 1186
1217, 110, 0, 1, 0, 0, 1.81%, 0, 0, 1, 26.96, 30012, 1186
1222, 110, 0, 1, 0, 0, 1.81%, 0, 0, 1, 31.63, 30177, 1186
1227, 111, 0, 1, 0, 0, 1.81%, 0, 0, 1, 28.93, 30328, 1186
1232, 111, 0, 1, 0, 0, 1.81%, 0, 0, 1, 23.09, 30434, 1186
1237, 112, 0, 1, 0, 0, 1.81%, 0, 0, 1, 20.75, 30539, 1186
1242, 112, 0, 1, 0, 0, 1.81%, 0, 0, 1, 20.27, 30639, 1186
1248, 112, 0, 1, 0, 0, 1.81%, 0, 0, 1, 20.84, 30748, 1186
1253, 113, 0, 1, 0, 0, 1.81%, 0, 0, 1, 26.69, 30892, 1186
1258, 113, 0, 1, 0, 0, 1.81%, 0, 0, 1, 30.00, 31054, 1186
1263, 114, 0, 1, 0, 0, 1.81%, 0, 0, 1, 23.72, 31160, 1186
1268, 114, 0, 1, 0, 0, 1.81%, 0, 0, 1, 23.90, 31275, 1186
1273, 115, 0, 1, 0, 0, 1.81%, 0, 0, 1, 24.24, 31397, 1186
1278, 115, 0, 1, 0, 0, 1.81%, 0, 0, 1, 27.60, 31553, 1186
1283, 116, 0, 1, 0, 0, 1.81%, 0, 0, 1, 26.61, 31686, 1186
1288, 116, 0, 1, 0, 0, 1.81%, 0, 0, 1, 21.25, 31793, 1186
1294, 117, 0, 1, 0, 0, 1.81%, 0, 0, 1, 22.88, 31902, 1186
1299, 117, 0, 1, 0, 0, 1.81%, 0, 0, 1, 22.93, 32023, 1186
1304, 118, 0, 1, 0, 0, 1.81%, 0, 0, 1, 26.02, 32163, 1186
1309, 118, 0, 1, 0, 0, 1.81%, 0, 0, 1, 30.58, 32325, 1186
1314, 119, 0, 1, 0, 0, 1.81%, 0, 0, 1, 29.45, 32475, 1186
1319, 119, 0, 1, 0, 0, 1.81%, 0, 0, 1, 26.21, 32593, 1186
1324, 120, 0, 1, 0, 0, 1.81%, 0, 0, 1, 23.46, 32714, 1186
1329, 120, 0, 1, 0, 0, 1.81%, 0, 0, 1, 25.75, 32845, 1186
1335, 121, 0, 1, 0, 0, 1.81%, 0, 0, 1, 27.27, 32995, 1186
1340, 121, 0, 1, 0, 0, 1.81%, 0, 0, 1, 24.00, 33116, 1186
1345, 122, 0, 1, 0, 0, 1.81%, 0, 0, 1, 28.23, 33255, 1186
1350, 122, 0, 1, 0, 0, 1.81%, 0, 0, 1, 31.59, 33421, 1186
1355, 123, 0, 1, 0, 0, 1.81%, 0, 0, 1, 29.35, 33567, 1186
1360, 123, 0, 1, 0, 0, 1.81%, 0, 0, 1, 32.04, 33736, 1186
1365, 124, 0, 1, 0, 0, 1.81%, 0, 0, 1, 33.74, 33902, 1186
1370, 124, 0, 1, 0, 0, 1.81%, 0, 0, 1, 31.62, 34064, 1186
1375, 125, 0, 1, 0, 0, 1.81%, 0, 0, 1, 30.89, 34221, 1186
1381, 126, 0, 1, 0, 0, 1.81%, 0, 0, 1, 33.80, 34398, 1186
1386, 126, 0, 1, 0, 0, 1.81%, 0, 0, 1, 33.30, 34560, 1186
1391, 127, 0, 1, 0, 0, 1.81%, 0, 0, 1, 31.65, 34719, 1186
1396, 127, 0, 1, 0, 0, 1.81%, 0, 0, 1, 28.78, 34865, 1186
1401, 128, 0, 1, 0, 0, 1.81%, 0, 0, 1, 26.04, 34994, 1186
1406, 128, 0, 1, 0, 0, 1.81%, 0, 0, 1, 23.93, 35113, 1186
1411, 129, 0, 1, 0, 0, 1.81%, 0, 0, 1, 31.60, 35282, 1186
1416, 129, 0, 1, 0, 0, 1.81%, 0, 0, 1, 28.87, 35421, 1186
1421, 130, 0, 1, 0, 0, 1.81%, 0, 0, 1, 31.85, 35589, 1186
1426, 131, 0, 1, 0, 0, 1.81%, 0, 0, 1, 32.27, 35754, 1186
1432, 131, 0, 1, 0, 0, 1.81%, 0, 0, 1, 32.78, 35924, 1186
1437, 132, 0, 1, 0, 0, 1.81%, 0, 0, 1, 32.54, 36090, 1186
1442, 133, 0, 1, 0, 0, 1.81%, 0, 0, 1, 32.16, 36256, 1186
1447, 133, 0, 1, 0, 0, 1.81%, 0, 0, 1, 33.16, 36423, 1186
1452, 134, 0, 1, 0, 0, 1.81%, 0, 0, 1, 33.10, 36593, 1186
1457, 134, 0, 1, 0, 0, 1.81%, 0, 0, 1, 32.84, 36762, 1186
1462, 135, 0, 1, 0, 0, 1.81%, 0, 0, 1, 33.29, 36928, 1186
1467, 136, 0, 1, 0, 0, 1.81%, 0, 0, 1, 33.26, 37096, 1186
1472, 136, 0, 1, 0, 0, 1.81%, 0, 0, 1, 32.81, 37263, 1186
1478, 137, 0, 1, 0, 0, 1.81%, 0, 0, 1, 30.45, 37411, 1186
1483, 137, 0, 1, 0, 0, 1.81%, 0, 0, 1, 27.74, 37556, 1186
1488, 138, 0, 1, 0, 0, 1.81%, 0, 0, 1, 22.09, 37665, 1186
1493, 138, 0, 1, 0, 0, 1.81%, 0, 0, 1, 24.70, 37801, 1186
1498, 139, 0, 1, 0, 0, 1.81%, 0, 0, 1, 26.76, 37946, 1186
1503, 139, 0, 1, 0, 0, 1.81%, 0, 0, 1, 30.77, 38104, 1186
1508, 140, 0, 1, 0, 0, 1.81%, 0, 0, 1, 30.52, 38267, 1186
1514, 140, 0, 1, 0, 0, 1.81%, 0, 0, 1, 30.86, 38420, 1186
1519, 141, 0, 1, 0, 0, 1.81%, 0, 0, 1, 30.77, 38583, 1186
1524, 142, 0, 1, 0, 0, 1.81%, 0, 0, 1, 32.10, 38745, 1186
1529, 142, 0, 1, 0, 0, 1.81%, 0, 0, 1, 32.54, 38910, 1186
1534, 143, 0, 1, 0, 0, 1.81%, 0, 0, 1, 33.84, 39082, 1186
1539, 143, 0, 1, 0, 0, 1.81%, 0, 0, 1, 32.49, 39249, 1186
1544, 144, 0, 1, 0, 0, 1.81%, 0, 0, 1, 25.99, 39378, 1186
1549, 145, 0, 1, 0, 0, 1.81%, 0, 0, 1, 30.47, 39541, 1186
1555, 145, 0, 1, 0, 0, 1.81%, 0, 0, 1, 31.46, 39708, 1186
1560, 146, 0, 1, 0, 0, 1.81%, 0, 0, 1, 32.04, 39875, 1186
1565, 146, 0, 1, 0, 0, 1.81%, 0, 0, 1, 32.52, 40043, 1186
1570, 147, 0, 1, 0, 0, 1.81%, 0, 0, 1, 29.27, 40191, 1186
1575, 148, 0, 1, 0, 0, 1.81%, 0, 0, 1, 31.33, 40348, 1186
1580, 148, 0, 1, 0, 0, 1.81%, 0, 0, 1, 31.93, 40512, 1186
1585, 149, 0, 1, 0, 0, 1.81%, 0, 0, 1, 32.70, 40678, 1186
1590, 149, 0, 1, 0, 0, 1.81%, 0, 0, 1, 32.20, 40845, 1186
1595, 150, 0, 1, 0, 0, 1.81%, 0, 0, 1, 32.15, 41008, 1186
1601, 151, 0, 1, 0, 0, 1.81%, 0, 0, 1, 32.31, 41170, 1186
1606, 151, 0, 1, 0, 0, 1.81%, 0, 0, 1, 29.37, 41307, 1186
1611, 152, 0, 1, 0, 0, 1.81%, 0, 0, 1, 31.95, 41473, 1186
1616, 152, 0, 1, 0, 0, 1.81%, 0, 0, 1, 30.76, 41631, 1186
1621, 153, 0, 1, 0, 0, 1.81%, 0, 0, 1, 32.11, 41797, 1186
1626, 153, 0, 1, 0, 0, 1.81%, 0, 0, 1, 32.94, 41970, 1186
1631, 154, 0, 1, 0, 0, 1.81%, 0, 0, 1, 25.30, 42087, 1186
1637, 154, 0, 1, 0, 0, 1.81%, 0, 0, 1, 27.28, 42225, 1186
1642, 155, 0, 1, 0, 0, 1.81%, 0, 0, 1, 29.14, 42375, 1186
1647, 156, 0, 1, 0, 0, 1.81%, 0, 0, 1, 31.78, 42541, 1186
1652, 156, 0, 1, 0, 0, 1.81%, 0, 0, 1, 32.14, 42708, 1186
1657, 157, 0, 1, 0, 0, 1.81%, 0, 0, 1, 31.52, 42875, 1186
1662, 157, 0, 1, 0, 0, 1.81%, 0, 0, 1, 30.20, 43036, 1186
1668, 158, 0, 1, 0, 0, 1.81%, 0, 0, 1, 31.93, 43198, 1186
1673, 159, 0, 1, 0, 0, 1.81%, 0, 0, 1, 32.59, 43366, 1186
1678, 159, 0, 1, 0, 0, 1.81%, 0, 0, 1, 33.69, 43541, 1186
1683, 160, 0, 1, 0, 0, 1.81%, 0, 0, 1, 33.18, 43711, 1186
1688, 160, 0, 1, 0, 0, 1.81%, 0, 0, 1, 28.33, 43850, 1186
1693, 161, 0, 1, 0, 0, 1.81%, 0, 0, 1, 29.28, 43991, 1186
1698, 162, 0, 1, 0, 0, 1.81%, 0, 0, 1, 33.40, 44168, 1186
1704, 162, 0, 1, 0, 0, 1.81%, 0, 0, 1, 34.54, 44346, 1186
1709, 163, 0, 1, 0, 0, 1.81%, 0, 0, 1, 35.08, 44521, 1186
1714, 163, 0, 1, 0, 0, 1.81%, 0, 0, 1, 35.04, 44704, 1186
1719, 164, 0, 1, 0, 0, 1.81%, 0, 0, 1, 35.42, 44882, 1186
1724, 165, 0, 1, 0, 0, 1.81%, 0, 0, 1, 33.44, 45055, 1186
1729, 165, 0, 1, 0, 0, 1.81%, 0, 0, 1, 34.81, 45232, 1186
1734, 166, 0, 1, 0, 0, 1.81%, 0, 0, 1, 34.67, 45406, 1186
1739, 167, 0, 1, 0, 0, 1.81%, 0, 0, 1, 33.99, 45583, 1186
1744, 167, 0, 1, 0, 0, 1.81%, 0, 0, 1, 31.48, 45747, 1186
1750, 168, 0, 1, 0, 0, 1.81%, 0, 0, 1, 34.25, 45926, 1186
1755, 168, 0, 1, 0, 0, 1.81%, 0, 0, 1, 31.50, 46077, 1186
1760, 169, 0, 1, 0, 0, 1.81%, 0, 0, 1, 33.55, 46249, 1186
1765, 170, 0, 1, 0, 0, 1.81%, 0, 0, 1, 33.42, 46426, 1186
1770, 170, 0, 1, 0, 0, 1.81%, 0, 0, 1, 34.22, 46600, 1186
1775, 171, 0, 1, 0, 0, 1.81%, 0, 0, 1, 34.18, 46777, 1186
1780, 172, 0, 1, 0, 0, 1.81%, 0, 0, 1, 33.81, 46953, 1186
1785, 172, 0, 1, 0, 0, 1.81%, 0, 0, 1, 31.17, 47103, 1186
1790, 173, 0, 1, 0, 0, 1.81%, 0, 0, 1, 31.21, 47265, 1186
1796, 173, 0, 1, 0, 0, 1.81%, 0, 0, 1, 28.85, 47419, 1186
1801, 174, 0, 1, 0, 0, 1.81%, 0, 0, 1, 28.09, 47560, 1186
1806, 175, 0, 1, 0, 0, 1.81%, 0, 0, 1, 31.13, 47724, 1186
1811, 175, 0, 1, 0, 0, 1.81%, 0, 0, 1, 27.32, 47869, 1186
1816, 176, 0, 1, 0, 0, 1.81%, 0, 0, 1, 31.27, 48024, 1186
1821, 176, 0, 1, 0, 0, 1.81%, 0, 0, 1, 33.47, 48201, 1186
1826, 177, 0, 1, 0, 0, 1.81%, 0, 0, 1, 34.32, 48374, 1186
1831, 178, 0, 1, 0, 0, 1.81%, 0, 0, 1, 33.82, 48546, 1186
1836, 178, 0, 1, 0, 0, 1.81%, 0, 0, 1, 29.86, 48692, 1186
1841, 179, 0, 1, 0, 0, 1.81%, 0, 0, 1, 29.89, 48842, 1186
1847, 179, 0, 1, 0, 0, 1.81%, 0, 0, 1, 31.26, 49001, 1186
1852, 180, 0, 1, 0, 0, 1.81%, 0, 0, 1, 31.62, 49164, 1186
1857, 180, 0, 1, 0, 0, 1.81%, 0, 0, 1, 33.06, 49338, 1186
1862, 181, 0, 1, 0, 0, 1.81%, 0, 0, 1, 30.64, 49489, 1186
1867, 182, 0, 1, 0, 0, 1.81%, 0, 0, 1, 31.61, 49654, 1186
1872, 182, 0, 1, 0, 0, 1.81%, 0, 0, 1, 32.53, 49823, 1186
1877, 183, 0, 1, 0, 0, 1.81%, 0, 0, 1, 29.47, 49970, 1186
1882, 183, 0, 1, 0, 0, 1.81%, 0, 0, 1, 31.58, 50131, 1186
1888, 184, 0, 1, 0, 0, 1.81%, 0, 0, 1, 34.30, 50313, 1186
1893, 185, 0, 1, 0, 0, 1.81%, 0, 0, 1, 34.35, 50492, 1186
1898, 185, 0, 1, 0, 0, 1.81%, 0, 0, 1, 35.15, 50675, 1186
1903, 186, 0, 1, 0, 0, 1.81%, 0, 0, 1, 35.33, 50854, 1186
1908, 187, 0, 1, 0, 0, 1.81%, 0, 0, 1, 34.39, 51029, 1186
1913, 187, 0, 1, 0, 0, 1.81%, 0, 0, 1, 29.82, 51171, 1186
1918, 188, 0, 1, 0, 0, 1.81%, 0, 0, 1, 31.72, 51336, 1186
1923, 188, 0, 1, 0, 0, 1.81%, 0, 0, 1, 32.66, 51503, 1186
1929, 189, 0, 1, 0, 0, 1.81%, 0, 0, 1, 32.93, 51672, 1186
1934, 190, 0, 1, 0, 0, 1.81%, 0, 0, 1, 31.30, 51832, 1186
1939, 190, 0, 1, 0, 0, 1.81%, 0, 0, 1, 30.72, 51983, 1186
1944, 191, 0, 1, 0, 0, 1.81%, 0, 0, 1, 31.42, 52136, 1186
1949, 191, 0, 1, 0, 0, 1.81%, 0, 0, 1, 32.39, 52305, 1186
1954, 192, 0, 1, 0, 0, 1.81%, 0, 0, 1, 29.43, 52450, 1186
1959, 192, 0, 1, 0, 0, 1.81%, 0, 0, 1, 26.58, 52590, 1186
1965, 193, 0, 1, 0, 0, 1.81%, 0, 0, 1, 24.10, 52703, 1186
1970, 193, 0, 1, 0, 0, 1.81%, 0, 0, 1, 25.66, 52835, 1186
1975, 194, 0, 1, 0, 0, 1.81%, 0, 0, 1, 26.28, 52967, 1186
1980, 194, 0, 1, 0, 0, 1.81%, 0, 0, 1, 26.39, 53097, 1186
1985, 195, 0, 1, 0, 0, 1.81%, 0, 0, 1, 24.77, 53230, 1186
1990, 195, 0, 1, 0, 0, 1.81%, 0, 0, 1, 25.39, 53362, 1186
1995, 196, 0, 1, 0, 0, 1.81%, 0, 0, 1, 29.54, 53506, 1186
2000, 196, 0, 1, 0, 0, 1.81%, 0, 0, 1, 29.89, 53668, 1186
2005, 197, 0, 1, 0, 0, 1.81%, 0, 0, 1, 27.72, 53803, 1186
2010, 197, 0, 1, 0, 0, 1.81%, 0, 0, 1, 30.45, 53954, 1186
2015, 198, 0, 1, 0, 0, 1.81%, 0, 0, 1, 32.13, 54122, 1186
2021, 199, 0, 1, 0, 0, 1.81%, 0, 0, 1, 31.88, 54294, 1186
2026, 199, 0, 1, 0, 0, 1.81%, 0, 0, 1, 30.40, 54443, 1186
2031, 200, 0, 1, 0, 0, 1.81%, 0, 0, 1, 33.13, 54618, 1186
2036, 200, 0, 1, 0, 0, 1.81%, 0, 0, 1, 32.15, 54788, 1186
2041, 201, 0, 1, 0, 0, 1.81%, 0, 0, 1, 31.97, 54955, 1186
2046, 202, 0, 1, 0, 0, 1.81%, 0, 0, 1, 31.90, 55121, 1186
2051, 202, 0, 1, 0, 0, 1.81%, 0, 0, 1, 29.47, 55261, 1186
2056, 203, 0, 1, 0, 0, 1.81%, 0, 0, 1, 28.64, 55401, 1186
2061, 203, 0, 1, 0, 0, 1.81%, 0, 0, 1, 27.90, 55541, 1186
2066, 204, 0, 1, 0, 0, 1.81%, 0, 0, 1, 25.69, 55667, 1186
2071, 204, 0, 1, 0, 0, 1.81%, 0, 0, 1, 24.63, 55790, 1186
2077, 205, 0, 1, 0, 0, 1.81%, 0, 0, 1, 26.48, 55924, 1186
2082, 205, 0, 1, 0, 0, 1.81%, 0, 0, 1, 25.36, 56053, 1186
2087, 206, 0, 1, 0, 0, 1.81%, 0, 0, 1, 24.98, 56181, 1186
2092, 206, 0, 1, 0, 0, 1.81%, 0, 0, 1, 27.60, 56320, 1186
2097, 206, 0, 1, 0, 0, 1.81%, 0, 0, 1, 26.32, 56449, 1186
2102, 207, 0, 1, 0, 0, 1.81%, 0, 0, 1, 26.35, 56584, 1186
2107, 207, 0, 1, 0, 0, 1.81%, 0, 0, 1, 26.58, 56724, 1186
2113, 208, 0, 1, 0, 0, 1.81%, 0, 0, 1, 31.52, 56888, 1186
2118, 209, 0, 1, 0, 0, 1.81%, 0, 0, 1, 34.41, 57066, 1186
2123, 209, 0, 1, 0, 0, 1.81%, 0, 0, 1, 33.11, 57233, 1186
2128, 210, 0, 1, 0, 0, 1.81%, 0, 0, 1, 34.43, 57408, 1186
2133, 211, 0, 1, 0, 0, 1.81%, 0, 0, 1, 33.98, 57586, 1186
2138, 211, 0, 1, 0, 0, 1.81%, 0, 0, 1, 32.21, 57738, 1186
2143, 212, 0, 1, 0, 0, 1.81%, 0, 0, 1, 29.13, 57877, 1186
2148, 212, 0, 1, 0, 0, 1.81%, 0, 0, 1, 30.02, 58024, 1186
2153, 213, 0, 1, 0, 0, 1.81%, 0, 0, 1, 19.94, 58122, 1186
2158, 213, 0, 1, 0, 0, 1.81%, 0, 0, 1, 16.96, 58202, 1186
2164, 213, 0, 1, 0, 0, 1.81%, 0, 0, 1, 19.48, 58302, 1186
2169, 214, 0, 1, 0, 0, 1.81%, 0, 0, 1, 25.81, 58440, 1186
2174, 214, 0, 1, 0, 0, 1.81%, 0, 0, 1, 32.54, 58617, 1186
2179, 215, 0, 1, 0, 0, 1.81%, 0, 0, 1, 34.01, 58796, 1186
2184, 216, 0, 1, 0, 0, 1.81%, 0, 0, 1, 34.52, 58976, 1186
2189, 216, 0, 1, 0, 0, 1.81%, 0, 0, 1, 32.78, 59142, 1186
2194, 217, 0, 1, 0, 0, 1.81%, 0, 0, 1, 28.37, 59281, 1186
2199, 217, 0, 1, 0, 0, 1.81%, 0, 0, 1, 30.76, 59436, 1186
2205, 218, 0, 1, 0, 0, 1.81%, 0, 0, 1, 32.83, 59606, 1186
2210, 219, 0, 1, 0, 0, 1.81%, 0, 0, 1, 29.99, 59762, 1186
2215, 219, 0, 1, 0, 0, 1.81%, 0, 0, 1, 33.44, 59932, 1186
2220, 220, 0, 1, 0, 0, 1.81%, 0, 0, 1, 29.06, 60066, 1186
2225, 220, 0, 1, 0, 0, 1.81%, 0, 0, 1, 30.17, 60225, 1186
2230, 221, 0, 1, 0, 0, 1.81%, 0, 0, 1, 29.07, 60373, 1186
2235, 221, 0, 1, 0, 0, 1.81%, 0, 0, 1, 33.28, 60544, 1186
2240, 222, 0, 1, 0, 0, 1.81%, 0, 0, 1, 31.21, 60709, 1186
2245, 223, 0, 1, 0, 0, 1.81%, 0, 0, 1, 29.51, 60858, 1186
2251, 223, 0, 1, 0, 0, 1.81%, 0, 0, 1, 27.55, 60997, 1186
2256, 224, 0, 1, 0, 0, 1.81%, 0, 0, 1, 26.80, 61125, 1186
2261, 224, 0, 1, 0, 0, 1.81%, 0, 0, 1, 27.44, 61272, 1186
2266, 225, 0, 1, 0, 0, 1.81%, 0, 0, 1, 28.95, 61421, 1186
2271, 225, 0, 1, 0, 0, 1.81%, 0, 0, 1, 33.03, 61595, 1186
2276, 226, 0, 1, 0, 0, 1.81%, 0, 0, 1, 31.68, 61764, 1186
2282, 226, 0, 1, 0, 0, 1.81%, 0, 0, 1, 27.28, 61895, 1186
2287, 227, 0, 1, 0, 0, 1.81%, 0, 0, 1, 32.17, 62063, 1186
2292, 228, 0, 1, 0, 0, 1.81%, 0, 0, 1, 31.64, 62224, 1186
2297, 228, 0, 1, 0, 0, 1.81%, 0, 0, 1, 26.87, 62352, 1186
2302, 229, 0, 1, 0, 0, 1.81%, 0, 0, 1, 29.22, 62505, 1186
2307, 229, 0, 1, 0, 0, 1.81%, 0, 0, 1, 32.41, 62669, 1186
2312, 230, 0, 1, 0, 0, 1.81%, 0, 0, 1, 31.67, 62830, 1186
2318, 230, 0, 1, 0, 0, 1.81%, 0, 0, 1, 24.77, 62950, 1186
2323, 231, 0, 1, 0, 0, 1.81%, 0, 0, 1, 31.30, 63117, 1186
2328, 231, 0, 1, 0, 0, 1.81%, 0, 0, 1, 30.64, 63268, 1186
2333, 232, 0, 1, 0, 0, 1.81%, 0, 0, 1, 26.93, 63397, 1186
2338, 232, 0, 1, 0, 0, 1.81%, 0, 0, 1, 28.15, 63539, 1186
2343, 233, 0, 1, 0, 0, 1.81%, 0, 0, 1, 31.01, 63700, 1186
2348, 234, 0, 1, 0, 0, 1.81%, 0, 0, 1, 29.74, 63847, 1186
2353, 234, 0, 1, 0, 0, 1.81%, 0, 0, 1, 27.47, 63985, 1186
2358, 235, 0, 1, 0, 0, 1.81%, 0, 0, 1, 28.91, 64137, 1186
2364, 235, 0, 1, 0, 0, 1.81%, 0, 0, 1, 32.36, 64308, 1186
2369, 236, 0, 1, 0, 0, 1.81%, 0, 0, 1, 32.38, 64466, 1186
2374, 236, 0, 1, 0, 0, 1.81%, 0, 0, 1, 28.75, 64613, 1186
2379, 237, 0, 1, 0, 0, 1.81%, 0, 0, 1, 30.02, 64767, 1186
2384, 238, 0, 1, 0, 0, 1.81%, 0, 0, 1, 33.28, 64939, 1186
2389, 238, 0, 1, 0, 0, 1.81%, 0, 0, 1, 33.22, 65110, 1186
2394, 239, 0, 1, 0, 0, 1.81%, 0, 0, 1, 34.13, 65280, 1186
2399, 240, 0, 1, 0, 0, 1.81%, 0, 0, 1, 34.71, 65461, 1186
2404, 240, 0, 1, 0, 0, 1.81%, 0, 0, 1, 34.99, 65637, 1186
2409, 241, 0, 1, 0, 0, 1.81%, 0, 0, 1, 34.85, 65818, 1186
2415, 241, 0, 1, 0, 0, 1.81%, 0, 0, 1, 34.82, 65998, 1186
2420, 242, 0, 1, 0, 0, 1.81%, 0, 0, 1, 34.92, 66179, 1186
2425, 243, 0, 1, 0, 0, 1.81%, 0, 0, 1, 29.61, 66318, 1186
2430, 243, 0, 1, 0, 0, 1.81%, 0, 0, 1, 29.75, 66472, 1186
2435, 244, 0, 1, 0, 0, 1.81%, 0, 0, 1, 29.26, 66615, 1186
2440, 244, 0, 1, 0, 0, 1.81%, 0, 0, 1, 30.15, 66772, 1186
2445, 245, 0, 1, 0, 0, 1.81%, 0, 0, 1, 29.39, 66920, 1186
2450, 245, 0, 1, 0, 0, 1.81%, 0, 0, 1, 28.90, 67060, 1186
2455, 246, 0, 1, 0, 0, 1.81%, 0, 0, 1, 30.42, 67217, 1186
2461, 247, 0, 1, 0, 0, 1.81%, 0, 0, 1, 32.00, 67382, 1186
2466, 247, 0, 1, 0, 0, 1.81%, 0, 0, 1, 32.15, 67545, 1186
2471, 248, 0, 1, 0, 0, 1.81%, 0, 0, 1, 34.14, 67722, 1186
2476, 248, 0, 1, 0, 0, 1.81%, 0, 0, 1, 35.02, 67898, 1186
2481, 249, 0, 1, 0, 0, 1.81%, 0, 0, 1, 34.81, 68074, 1186
2486, 250, 0, 1, 0, 0, 1.81%, 0, 0, 1, 30.92, 68221, 1186
2491, 250, 0, 1, 0, 0, 1.81%, 0, 0, 1, 30.99, 68380, 1186
2496, 251, 0, 1, 0, 0, 1.81%, 0, 0, 1, 29.62, 68524, 1186
2501, 251, 0, 1, 0, 0, 1.81%, 0, 0, 1, 29.55, 68678, 1186
2506, 252, 0, 1, 0, 0, 1.81%, 0, 0, 1, 28.44, 68818, 1186
2512, 252, 0, 1, 0, 0, 1.81%, 0, 0, 1, 31.64, 68979, 1186
2517, 253, 0, 1, 0, 0, 1.81%, 0, 0, 1, 33.36, 69155, 1186
2522, 254, 0, 1, 0, 0, 1.81%, 0, 0, 1, 31.42, 69314, 1186
2527, 254, 0, 1, 0, 0, 1.81%, 0, 0, 1, 33.84, 69490, 1186
2532, 255, 0, 1, 0, 0, 1.81%, 0, 0, 1, 33.02, 69652, 1186
2537, 255, 0, 1, 0, 0, 1.81%, 0, 0, 1, 31.60, 69812, 1186
2542, 256, 0, 1, 0, 0, 1.81%, 0, 0, 1, 32.32, 69976, 1186
2547, 257, 0, 1, 0, 0, 1.81%, 0, 0, 1, 30.04, 70134, 1186
2552, 257, 0, 1, 0, 0, 1.81%, 0, 0, 1, 28.08, 70268, 1186
2558, 258, 0, 1, 0, 0, 1.81%, 0, 0, 1, 28.47, 70415, 1186
2563, 258, 0, 1, 0, 0, 1.81%, 0, 0, 1, 27.74, 70556, 1186
2568, 259, 0, 1, 0, 0, 1.81%, 0, 0, 1, 26.19, 70681, 1186
2573, 259, 0, 1, 0, 0, 1.81%, 0, 0, 1, 24.51, 70803, 1186
2578, 260, 0, 1, 0, 0, 1.81%, 0, 0, 1, 26.69, 70936, 1186
2583, 260, 0, 1, 0, 0, 1.81%, 0, 0, 1, 31.54, 71104, 1186
2588, 261, 0, 1, 0, 0, 1.81%, 0, 0, 1, 31.58, 71268, 1186
2593, 261, 0, 1, 0, 0, 1.81%, 0, 0, 1, 33.32, 71444, 1186
2599, 262, 0, 1, 0, 0, 1.81%, 0, 0, 1, 30.31, 71594, 1186
2604, 263, 0, 1, 0, 0, 1.81%, 0, 0, 1, 29.71, 71749, 1186
2609, 263, 0, 1, 0, 0, 1.81%, 0, 0, 1, 28.96, 71901, 1186
2614, 264, 0, 1, 0, 0, 1.81%, 0, 0, 1, 28.22, 72050, 1186
2619, 264, 0, 1, 0, 0, 1.81%, 0, 0, 1, 24.56, 72163, 1186
2624, 264, 0, 1, 0, 0, 1.81%, 0, 0, 1, 22.97, 72284, 1186
2629, 265, 0, 1, 0, 0, 1.81%, 0, 0, 1, 22.57, 72399, 1186
2635, 265, 0, 1, 0, 0, 1.81%, 0, 0, 1, 21.51, 72506, 1186
2640, 266, 0, 1, 0, 0, 1.81%, 0, 0, 1, 19.26, 72603, 1186
2645, 266, 0, 1, 0, 0, 1.81%, 0, 0, 1, 20.89, 72714, 1186
2650, 266, 0, 1, 0, 0, 1.81%, 0, 0, 1, 22.81, 72831, 1186
2655, 267, 0, 1, 0, 0, 1.81%, 0, 0, 1, 26.85, 72975, 1186
2660, 267, 0, 1, 0, 0, 1.81%, 0, 0, 1, 26.14, 73102, 1186
2665, 268, 0, 1, 0, 0, 1.81%, 0, 0, 1, 31.99, 73271, 1186
2671, 269, 0, 1, 0, 0, 1.81%, 0, 0, 1, 29.63, 73423, 1186
2676, 269, 0, 1, 0, 0, 1.81%, 0, 0, 1, 21.09, 73523, 1186
2681, 269, 0, 1, 0, 0, 1.81%, 0, 0, 1, 23.50, 73639, 1186
2686, 270, 0, 1, 0, 0, 1.81%, 0, 0, 1, 29.21, 73789, 1186
2691, 271, 0, 1, 0, 0, 1.81%, 0, 0, 1, 30.09, 73942, 1186
2696, 271, 0, 1, 0, 0, 1.81%, 0, 0, 1, 28.80, 74086, 1186
2701, 272, 0, 1, 0, 0, 1.81%, 0, 0, 1, 32.32, 74256, 1186
2706, 272, 0, 1, 0, 0, 1.81%, 0, 0, 1, 30.59, 74412, 1186
2712, 273, 0, 1, 0, 0, 1.81%, 0, 0, 1, 31.50, 74576, 1186
2717, 273, 0, 1, 0, 0, 1.81%, 0, 0, 1, 29.77, 74733, 1186
2722, 274, 0, 1, 0, 0, 1.81%, 0, 0, 1, 29.58, 74887, 1186
2727, 275, 0, 1, 0, 0, 1.81%, 0, 0, 1, 28.76, 75038, 1186
2732, 275, 0, 1, 0, 0, 1.81%, 0, 0, 1, 30.86, 75201, 1186
2737, 276, 0, 1, 0, 0, 1.81%, 0, 0, 1, 29.23, 75347, 1186
2742, 276, 0, 1, 0, 0, 1.81%, 0, 0, 1, 19.10, 75437, 1186
2747, 276, 0, 1, 0, 0, 1.81%, 0, 0, 1, 14.30, 75501, 1186
2753, 277, 0, 1, 0, 0, 1.81%, 0, 0, 1, 14.94, 75577, 1186
2758, 277, 0, 1, 0, 0, 1.81%, 0, 0, 1, 16.97, 75670, 1186
2763, 277, 0, 1, 0, 0, 1.81%, 0, 0, 1, 23.65, 75795, 1186
2768, 278, 0, 1, 0, 0, 1.81%, 0, 0, 1, 25.64, 75923, 1186
2773, 278, 0, 1, 0, 0, 1.81%, 0, 0, 1, 30.94, 76087, 1186
2778, 279, 0, 1, 0, 0, 1.81%, 0, 0, 1, 27.80, 76237, 1186
2783, 280, 0, 1, 0, 0, 1.81%, 0, 0, 1, 31.81, 76404, 1186
2788, 280, 0, 1, 0, 0, 1.81%, 0, 0, 1, 32.99, 76571, 1186
2793, 281, 0, 1, 0, 0, 1.81%, 0, 0, 1, 30.08, 76721, 1186
2798, 281, 0, 1, 0, 0, 1.81%, 0, 0, 1, 30.44, 76881, 1186
2803, 282, 0, 1, 0, 0, 1.81%, 0, 0, 1, 30.87, 77044, 1186
2809, 283, 0, 1, 0, 0, 1.81%, 0, 0, 1, 30.63, 77202, 1186
2814, 283, 0, 1, 0, 0, 1.81%, 0, 0, 1, 33.21, 77372, 1186
2819, 284, 0, 1, 0, 0, 1.81%, 0, 0, 1, 32.41, 77542, 1186
2824, 284, 0, 1, 0, 0, 1.81%, 0, 0, 1, 32.91, 77706, 1186
2829, 285, 0, 1, 0, 0, 1.81%, 0, 0, 1, 34.16, 77880, 1186
2834, 286, 0, 1, 0, 0, 1.81%, 0, 0, 1, 34.87, 78056, 1186
2839, 286, 0, 1, 0, 0, 1.81%, 0, 0, 1, 32.27, 78222, 1186
2844, 287, 0, 1, 0, 0, 1.81%, 0, 0, 1, 33.84, 78397, 1186
2850, 288, 0, 1, 0, 0, 1.81%, 0, 0, 1, 34.30, 78573, 1186
2855, 288, 0, 1, 0, 0, 1.81%, 0, 0, 1, 32.55, 78740, 1186
2860, 289, 0, 1, 0, 0, 1.81%, 0, 0, 1, 32.27, 78902, 1186
2865, 289, 0, 1, 0, 0, 1.81%, 0, 0, 1, 34.42, 79080, 1186
2870, 290, 0, 1, 0, 0, 1.81%, 0, 0, 1, 30.23, 79235, 1186
2875, 290, 0, 1, 0, 0, 1.81%, 0, 0, 1, 30.73, 79380, 1186
2880, 291, 0, 1, 0, 0, 1.81%, 0, 0, 1, 33.84, 79556, 1186
2885, 292, 0, 1, 0, 0, 1.81%, 0, 0, 1, 32.52, 79726, 1186
2891, 292, 0, 1, 0, 0, 1.81%, 0, 0, 1, 32.17, 79888, 1186
2896, 293, 0, 1, 0, 0, 1.81%, 0, 0, 1, 29.59, 80041, 1186
2901, 293, 0, 1, 0, 0, 1.81%, 0, 0, 1, 30.89, 80195, 1186
2906, 294, 0, 1, 0, 0, 1.81%, 0, 0, 1, 29.70, 80337, 1186
2911, 295, 0, 1, 0, 0, 1.81%, 0, 0, 1, 33.09, 80513, 1186
2916, 295, 0, 1, 0, 0, 1.81%, 0, 0, 1, 33.50, 80687, 1186
2921, 296, 0, 1, 0, 0, 1.81%, 0, 0, 1, 34.11, 80857, 1186
2926, 297, 0, 1, 0, 0, 1.81%, 0, 0, 1, 34.50, 81037, 1186
2932, 297, 0, 1, 0, 0, 1.81%, 0, 0, 1, 31.26, 81202, 1186
2937, 298, 0, 1, 0, 0, 1.81%, 0, 0, 1, 33.97, 81382, 1186
2942, 298, 0, 1, 0, 0, 1.81%, 0, 0, 1, 35.31, 81567, 1186
2947, 299, 0, 1, 0, 0, 1.81%, 0, 0, 1, 29.35, 81718, 1186
4395, 299, 0, 1, 0, 0, 1.81%, 0, 0, 1, 0.00, 81723, 1186
4397, 299, 0, 1, 0, 0, 1.81%, 0, 0, 1, 7.89, 81744, 1186
