# relative_time, cycles_done, cur_item, corpus_count, pending_total, pending_favs, map_size, saved_crashes, saved_hangs, max_depth, execs_per_sec, total_execs, edges_found
61, 6, 0, 1, 0, 0, 1.58%, 0, 0, 1, 23.46, 1746, 1037
66, 7, 0, 1, 0, 0, 1.58%, 0, 0, 1, 24.20, 1871, 1037
71, 7, 0, 1, 0, 0, 1.58%, 0, 0, 1, 22.29, 1983, 1037
76, 7, 0, 1, 0, 0, 1.58%, 0, 0, 1, 23.84, 2106, 1037
81, 8, 0, 1, 0, 0, 1.58%, 0, 0, 1, 22.37, 2214, 1037
86, 8, 0, 1, 0, 0, 1.58%, 0, 0, 1, 23.16, 2332, 1037
92, 9, 0, 1, 0, 0, 1.58%, 0, 0, 1, 23.79, 2456, 1037
97, 9, 0, 1, 0, 0, 1.58%, 0, 0, 1, 21.37, 2565, 1037
102, 10, 0, 1, 0, 0, 1.58%, 0, 0, 1, 23.05, 2683, 1037
107, 10, 0, 1, 0, 0, 1.58%, 0, 0, 1, 23.16, 2803, 1037
112, 10, 0, 1, 0, 0, 1.58%, 0, 0, 1, 23.29, 2920, 1037
117, 11, 0, 1, 0, 0, 1.58%, 0, 0, 1, 22.47, 3035, 1037
122, 11, 0, 1, 0, 0, 1.58%, 0, 0, 1, 22.86, 3150, 1037
127, 12, 0, 1, 0, 0, 1.58%, 0, 0, 1, 23.18, 3267, 1037
132, 12, 0, 1, 0, 0, 1.58%, 0, 0, 1, 22.61, 3382, 1037
137, 13, 0, 1, 0, 0, 1.58%, 0, 0, 1, 22.28, 3496, 1037
142, 13, 0, 1, 0, 0, 1.58%, 0, 0, 1, 22.08, 3606, 1037
148, 13, 0, 1, 0, 0, 1.58%, 0, 0, 1, 22.42, 3719, 1037
153, 14, 0, 1, 0, 0, 1.58%, 0, 0, 1, 22.23, 3827, 1037
158, 14, 0, 1, 0, 0, 1.58%, 0, 0, 1, 23.92, 3950, 1037
163, 15, 0, 1, 0, 0, 1.58%, 0, 0, 1, 23.29, 4067, 1037
168, 15, 0, 1, 0, 0, 1.58%, 0, 0, 1, 22.91, 4182, 1037
173, 15, 0, 1, 0, 0, 1.58%, 0, 0, 1, 22.11, 4297, 1037
178, 16, 0, 1, 0, 0, 1.58%, 0, 0, 1, 21.81, 4401, 1037
183, 16, 0, 1, 0, 0, 1.58%, 0, 0, 1, 22.57, 4517, 1037
188, 17, 0, 1, 0, 0, 1.58%, 0, 0, 1, 22.41, 4630, 1037
193, 17, 0, 1, 0, 0, 1.58%, 0, 0, 1, 22.42, 4742, 1037
198, 18, 0, 1, 0, 0, 1.58%, 0, 0, 1, 23.14, 4857, 1037
203, 18, 0, 1, 0, 0, 1.58%, 0, 0, 1, 22.59, 4973, 1037
208, 18, 0, 1, 0, 0, 1.58%, 0, 0, 1, 22.87, 5089, 1037
214, 19, 0, 1, 0, 0, 1.58%, 0, 0, 1, 22.34, 5198, 1037
219, 19, 0, 1, 0, 0, 1.58%, 0, 0, 1, 23.25, 5320, 1037
224, 20, 0, 1, 0, 0, 1.58%, 0, 0, 1, 23.40, 5442, 1037
229, 20, 0, 1, 0, 0, 1.58%, 0, 0, 1, 22.95, 5560, 1037
234, 21, 0, 1, 0, 0, 1.58%, 0, 0, 1, 21.94, 5674, 1037
239, 21, 0, 1, 0, 0, 1.58%, 0, 0, 1, 21.68, 5789, 1037
245, 21, 0, 1, 0, 0, 1.58%, 0, 0, 1, 22.89, 5906, 1037
250, 22, 0, 1, 0, 0, 1.58%, 0, 0, 1, 23.43, 6028, 1037
255, 22, 0, 1, 0, 0, 1.58%, 0, 0, 1, 22.91, 6145, 1037
260, 23, 0, 1, 0, 0, 1.58%, 0, 0, 1, 22.97, 6262, 1037
265, 23, 0, 1, 0, 0, 1.58%, 0, 0, 1, 21.37, 6369, 1037
270, 23, 0, 1, 0, 0, 1.58%, 0, 0, 1, 20.67, 6473, 1037
275, 24, 0, 1, 0, 0, 1.58%, 0, 0, 1, 21.70, 6584, 1037
281, 24, 0, 1, 0, 0, 1.58%, 0, 0, 1, 22.82, 6703, 1037
286, 25, 0, 1, 0, 0, 1.58%, 0, 0, 1, 23.10, 6825, 1037
291, 25, 0, 1, 0, 0, 1.58%, 0, 0, 1, 22.73, 6941, 1037
296, 26, 0, 1, 0, 0, 1.58%, 0, 0, 1, 21.41, 7046, 1037
301, 26, 0, 1, 0, 0, 1.58%, 0, 0, 1, 22.39, 7162, 1037
306, 26, 0, 1, 0, 0, 1.58%, 0, 0, 1, 22.93, 7281, 1037
311, 27, 0, 1, 0, 0, 1.58%, 0, 0, 1, 22.81, 7396, 1037
316, 27, 0, 1, 0, 0, 1.58%, 0, 0, 1, 22.95, 7515, 1037
321, 28, 0, 1, 0, 0, 1.58%, 0, 0, 1, 23.27, 7632, 1037
327, 28, 0, 1, 0, 0, 1.58%, 0, 0, 1, 23.13, 7750, 1037
332, 29, 0, 1, 0, 0, 1.58%, 0, 0, 1, 22.81, 7863, 1037
337, 29, 0, 1, 0, 0, 1.58%, 0, 0, 1, 23.10, 7982, 1037
342, 29, 0, 1, 0, 0, 1.58%, 0, 0, 1, 22.74, 8097, 1037
347, 30, 0, 1, 0, 0, 1.58%, 0, 0, 1, 20.49, 8195, 1037
352, 30, 0, 1, 0, 0, 1.58%, 0, 0, 1, 22.83, 8313, 1037
357, 31, 0, 1, 0, 0, 1.58%, 0, 0, 1, 21.90, 8421, 1037
362, 31, 0, 1, 0, 0, 1.58%, 0, 0, 1, 20.76, 8523, 1037
368, 31, 0, 1, 0, 0, 1.58%, 0, 0, 1, 20.94, 8636, 1037
373, 32, 0, 1, 0, 0, 1.58%, 0, 0, 1, 22.52, 8753, 1037
378, 32, 0, 1, 0, 0, 1.58%, 0, 0, 1, 22.22, 8864, 1037
383, 33, 0, 1, 0, 0, 1.58%, 0, 0, 1, 22.66, 8981, 1037
388, 33, 0, 1, 0, 0, 1.58%, 0, 0, 1, 22.83, 9096, 1037
393, 33, 0, 1, 0, 0, 1.58%, 0, 0, 1, 23.84, 9217, 1037
398, 34, 0, 1, 0, 0, 1.58%, 0, 0, 1, 22.55, 9331, 1037
404, 34, 0, 1, 0, 0, 1.58%, 0, 0, 1, 23.14, 9449, 1037
409, 35, 0, 1, 0, 0, 1.58%, 0, 0, 1, 22.95, 9562, 1037
414, 35, 0, 1, 0, 0, 1.58%, 0, 0, 1, 23.27, 9681, 1037
419, 36, 0, 1, 0, 0, 1.58%, 0, 0, 1, 22.56, 9797, 1037
424, 36, 0, 1, 0, 0, 1.58%, 0, 0, 1, 22.55, 9913, 1037
429, 36, 0, 1, 0, 0, 1.58%, 0, 0, 1, 22.67, 10024, 1037
434, 37, 0, 1, 0, 0, 1.58%, 0, 0, 1, 23.52, 10143, 1037
440, 37, 0, 1, 0, 0, 1.58%, 0, 0, 1, 22.18, 10258, 1037
445, 38, 0, 1, 0, 0, 1.58%, 0, 0, 1, 21.71, 10360, 1037
450, 38, 0, 1, 0, 0, 1.58%, 0, 0, 1, 23.15, 10483, 1037
455, 39, 0, 1, 0, 0, 1.58%, 0, 0, 1, 22.92, 10598, 1037
460, 39, 0, 1, 0, 0, 1.58%, 0, 0, 1, 21.95, 10709, 1037
465, 39, 0, 1, 0, 0, 1.58%, 0, 0, 1, 21.13, 10815, 1037
470, 40, 0, 1, 0, 0, 1.58%, 0, 0, 1, 21.59, 10929, 1037
475, 40, 0, 1, 0, 0, 1.58%, 0, 0, 1, 22.16, 11038, 1037
480, 41, 0, 1, 0, 0, 1.58%, 0, 0, 1, 23.05, 11156, 1037
485, 41, 0, 1, 0, 0, 1.58%, 0, 0, 1, 22.87, 11272, 1037
491, 41, 0, 1, 0, 0, 1.58%, 0, 0, 1, 21.37, 11383, 1037
496, 42, 0, 1, 0, 0, 1.58%, 0, 0, 1, 23.06, 11504, 1037
501, 42, 0, 1, 0, 0, 1.58%, 0, 0, 1, 22.00, 11619, 1037
506, 43, 0, 1, 0, 0, 1.58%, 0, 0, 1, 23.40, 11739, 1037
511, 43, 0, 1, 0, 0, 1.58%, 0, 0, 1, 21.76, 11846, 1037
516, 44, 0, 1, 0, 0, 1.58%, 0, 0, 1, 23.86, 11968, 1037
521, 44, 0, 1, 0, 0, 1.58%, 0, 0, 1, 23.66, 12088, 1037
526, 44, 0, 1, 0, 0, 1.58%, 0, 0, 1, 23.32, 12208, 1037
531, 45, 0, 1, 0, 0, 1.58%, 0, 0, 1, 20.78, 12311, 1037
537, 45, 0, 1, 0, 0, 1.58%, 0, 0, 1, 22.16, 12429, 1037
542, 46, 0, 1, 0, 0, 1.58%, 0, 0, 1, 22.38, 12545, 1037
547, 46, 0, 1, 0, 0, 1.58%, 0, 0, 1, 23.66, 12667, 1037
552, 47, 0, 1, 0, 0, 1.58%, 0, 0, 1, 22.56, 12783, 1037
557, 47, 0, 1, 0, 0, 1.58%, 0, 0, 1, 22.38, 12898, 1037
562, 47, 0, 1, 0, 0, 1.58%, 0, 0, 1, 22.91, 13014, 1037
567, 48, 0, 1, 0, 0, 1.58%, 0, 0, 1, 23.23, 13130, 1037
572, 48, 0, 1, 0, 0, 1.58%, 0, 0, 1, 23.71, 13249, 1037
577, 49, 0, 1, 0, 0, 1.58%, 0, 0, 1, 23.63, 13368, 1037
582, 49, 0, 1, 0, 0, 1.58%, 0, 0, 1, 23.51, 13486, 1037
588, 50, 0, 1, 0, 0, 1.58%, 0, 0, 1, 23.37, 13603, 1037
593, 50, 0, 1, 0, 0, 1.58%, 0, 0, 1, 21.71, 13709, 1037
598, 50, 0, 1, 0, 0, 1.58%, 0, 0, 1, 22.58, 13825, 1037
603, 51, 0, 1, 0, 0, 1.58%, 0, 0, 1, 22.35, 13941, 1037
608, 51, 0, 1, 0, 0, 1.58%, 0, 0, 1, 22.58, 14058, 1037
613, 52, 0, 1, 0, 0, 1.58%, 0, 0, 1, 23.08, 14174, 1037
618, 52, 0, 1, 0, 0, 1.58%, 0, 0, 1, 21.82, 14279, 1037
623, 52, 0, 1, 0, 0, 1.58%, 0, 0, 1, 22.50, 14395, 1037
628, 53, 0, 1, 0, 0, 1.58%, 0, 0, 1, 21.58, 14500, 1037
633, 53, 0, 1, 0, 0, 1.58%, 0, 0, 1, 22.73, 14611, 1037
638, 54, 0, 1, 0, 0, 1.58%, 0, 0, 1, 23.48, 14730, 1037
643, 54, 0, 1, 0, 0, 1.58%, 0, 0, 1, 24.14, 14851, 1037
649, 55, 0, 1, 0, 0, 1.58%, 0, 0, 1, 23.64, 14972, 1037
654, 55, 0, 1, 0, 0, 1.58%, 0, 0, 1, 23.39, 15092, 1037
659, 55, 0, 1, 0, 0, 1.58%, 0, 0, 1, 22.16, 15201, 1037
664, 56, 0, 1, 0, 0, 1.58%, 0, 0, 1, 23.56, 15323, 1037
669, 56, 0, 1, 0, 0, 1.58%, 0, 0, 1, 23.41, 15441, 1037
674, 57, 0, 1, 0, 0, 1.58%, 0, 0, 1, 23.62, 15561, 1037
679, 57, 0, 1, 0, 0, 1.58%, 0, 0, 1, 22.83, 15676, 1037
684, 58, 0, 1, 0, 0, 1.58%, 0, 0, 1, 20.40, 15781, 1037
689, 58, 0, 1, 0, 0, 1.58%, 0, 0, 1, 31.54, 15947, 1037
695, 59, 0, 1, 0, 0, 1.58%, 0, 0, 1, 36.04, 16136, 1037
700, 60, 0, 1, 0, 0, 1.58%, 0, 0, 1, 37.22, 16327, 1037
705, 60, 0, 1, 0, 0, 1.58%, 0, 0, 1, 36.97, 16513, 1037
710, 61, 0, 1, 0, 0, 1.58%, 0, 0, 1, 38.27, 16705, 1037
715, 62, 0, 1, 0, 0, 1.58%, 0, 0, 1, 36.34, 16873, 1037
720, 62, 0, 1, 0, 0, 1.58%, 0, 0, 1, 38.81, 17070, 1037
725, 63, 0, 1, 0, 0, 1.58%, 0, 0, 1, 39.52, 17272, 1037
730, 64, 0, 1, 0, 0, 1.58%, 0, 0, 1, 38.80, 17463, 1037
735, 64, 0, 1, 0, 0, 1.58%, 0, 0, 1, 39.24, 17661, 1037
740, 65, 0, 1, 0, 0, 1.58%, 0, 0, 1, 37.91, 17859, 1037
745, 66, 0, 1, 0, 0, 1.58%, 0, 0, 1, 37.13, 18047, 1037
750, 67, 0, 1, 0, 0, 1.58%, 0, 0, 1, 38.85, 18245, 1037
755, 67, 0, 1, 0, 0, 1.58%, 0, 0, 1, 39.45, 18449, 1037
760, 68, 0, 1, 0, 0, 1.58%, 0, 0, 1, 39.60, 18648, 1037
766, 69, 0, 1, 0, 0, 1.58%, 0, 0, 1, 38.91, 18851, 1037
771, 69, 0, 1, 0, 0, 1.58%, 0, 0, 1, 35.86, 19041, 1037
776, 70, 0, 1, 0, 0, 1.58%, 0, 0, 1, 37.03, 19226, 1037
781, 71, 0, 1, 0, 0, 1.58%, 0, 0, 1, 39.35, 19433, 1037
786, 72, 0, 1, 0, 0, 1.58%, 0, 0, 1, 38.74, 19626, 1037
791, 72, 0, 1, 0, 0, 1.58%, 0, 0, 1, 35.20, 19800, 1037
796, 73, 0, 1, 0, 0, 1.58%, 0, 0, 1, 38.03, 20000, 1037
801, 74, 0, 1, 0, 0, 1.58%, 0, 0, 1, 38.99, 20198, 1037
807, 74, 0, 1, 0, 0, 1.58%, 0, 0, 1, 38.13, 20393, 1037
812, 75, 0, 1, 0, 0, 1.58%, 0, 0, 1, 38.61, 20589, 1037
817, 76, 0, 1, 0, 0, 1.58%, 0, 0, 1, 38.80, 20789, 1037
822, 77, 0, 1, 0, 0, 1.58%, 0, 0, 1, 38.66, 20985, 1037
827, 77, 0, 1, 0, 0, 1.58%, 0, 0, 1, 39.07, 21187, 1037
832, 78, 0, 1, 0, 0, 1.58%, 0, 0, 1, 36.77, 21373, 1037
837, 79, 0, 1, 0, 0, 1.58%, 0, 0, 1, 37.34, 21565, 1037
842, 79, 0, 1, 0, 0, 1.58%, 0, 0, 1, 38.13, 21756, 1037
847, 80, 0, 1, 0, 0, 1.58%, 0, 0, 1, 37.67, 21945, 1037
853, 81, 0, 1, 0, 0, 1.58%, 0, 0, 1, 36.72, 22129, 1037
858, 82, 0, 1, 0, 0, 1.58%, 0, 0, 1, 38.55, 22332, 1037
863, 82, 0, 1, 0, 0, 1.58%, 0, 0, 1, 37.89, 22523, 1037
868, 83, 0, 1, 0, 0, 1.58%, 0, 0, 1, 37.45, 22714, 1037
873, 84, 0, 1, 0, 0, 1.58%, 0, 0, 1, 39.04, 22913, 1037
878, 84, 0, 1, 0, 0, 1.58%, 0, 0, 1, 39.05, 23117, 1037
883, 85, 0, 1, 0, 0, 1.58%, 0, 0, 1, 35.78, 23286, 1037
888, 86, 0, 1, 0, 0, 1.58%, 0, 0, 1, 36.64, 23474, 1037
894, 86, 0, 1, 0, 0, 1.58%, 0, 0, 1, 37.99, 23674, 1037
899, 87, 0, 1, 0, 0, 1.58%, 0, 0, 1, 38.76, 23875, 1037
904, 88, 0, 1, 0, 0, 1.58%, 0, 0, 1, 38.83, 24069, 1037
909, 89, 0, 1, 0, 0, 1.58%, 0, 0, 1, 37.84, 24258, 1037
914, 89, 0, 1, 0, 0, 1.58%, 0, 0, 1, 38.16, 24457, 1037
919, 90, 0, 1, 0, 0, 1.58%, 0, 0, 1, 38.26, 24656, 1037
924, 91, 0, 1, 0, 0, 1.58%, 0, 0, 1, 38.12, 24847, 1037
929, 91, 0, 1, 0, 0, 1.58%, 0, 0, 1, 37.46, 25043, 1037
934, 92, 0, 1, 0, 0, 1.58%, 0, 0, 1, 37.96, 25233, 1037
939, 93, 0, 1, 0, 0, 1.58%, 0, 0, 1, 36.37, 25420, 1037
944, 94, 0, 1, 0, 0, 1.58%, 0, 0, 1, 38.19, 25609, 1037
949, 94, 0, 1, 0, 0, 1.58%, 0, 0, 1, 39.40, 25807, 1037
954, 95, 0, 1, 0, 0, 1.58%, 0, 0, 1, 39.30, 26004, 1037
960, 96, 0, 1, 0, 0, 1.58%, 0, 0, 1, 38.79, 26200, 1037
965, 96, 0, 1, 0, 0, 1.58%, 0, 0, 1, 39.30, 26400, 1037
970, 97, 0, 1, 0, 0, 1.58%, 0, 0, 1, 38.37, 26591, 1037
975, 98, 0, 1, 0, 0, 1.58%, 0, 0, 1, 36.85, 26780, 1037
980, 98, 0, 1, 0, 0, 1.58%, 0, 0, 1, 30.20, 26915, 1037
985, 99, 0, 1, 0, 0, 1.58%, 0, 0, 1, 35.65, 27101, 1037
990, 100, 0, 1, 0, 0, 1.58%, 0, 0, 1, 38.15, 27300, 1037
995, 100, 0, 1, 0, 0, 1.58%, 0, 0, 1, 38.96, 27498, 1037
1000, 101, 0, 1, 0, 0, 1.58%, 0, 0, 1, 39.24, 27697, 1037
1005, 102, 0, 1, 0, 0, 1.58%, 0, 0, 1, 39.12, 27898, 1037
1010, 103, 0, 1, 0, 0, 1.58%, 0, 0, 1, 38.66, 28097, 1037
1016, 103, 0, 1, 0, 0, 1.58%, 0, 0, 1, 39.49, 28300, 1037
1021, 104, 0, 1, 0, 0, 1.58%, 0, 0, 1, 38.11, 28497, 1037
1026, 105, 0, 1, 0, 0, 1.58%, 0, 0, 1, 39.38, 28697, 1037
1031, 106, 0, 1, 0, 0, 1.58%, 0, 0, 1, 40.03, 28906, 1037
1036, 106, 0, 1, 0, 0, 1.58%, 0, 0, 1, 37.06, 29099, 1037
1041, 107, 0, 1, 0, 0, 1.58%, 0, 0, 1, 39.54, 29308, 1037
1046, 108, 0, 1, 0, 0, 1.58%, 0, 0, 1, 38.65, 29503, 1037
1052, 109, 0, 1, 0, 0, 1.58%, 0, 0, 1, 38.48, 29704, 1037
1057, 109, 0, 1, 0, 0, 1.58%, 0, 0, 1, 39.66, 29911, 1037
1062, 110, 0, 1, 0, 0, 1.58%, 0, 0, 1, 39.69, 30116, 1037
1067, 111, 0, 1, 0, 0, 1.58%, 0, 0, 1, 38.70, 30314, 1037
1072, 111, 0, 1, 0, 0, 1.58%, 0, 0, 1, 36.04, 30486, 1037
1077, 112, 0, 1, 0, 0, 1.58%, 0, 0, 1, 38.31, 30682, 1037
1082, 113, 0, 1, 0, 0, 1.58%, 0, 0, 1, 38.31, 30872, 1037
1087, 114, 0, 1, 0, 0, 1.58%, 0, 0, 1, 39.10, 31074, 1037
1093, 114, 0, 1, 0, 0, 1.58%, 0, 0, 1, 39.23, 31276, 1037
1098, 115, 0, 1, 0, 0, 1.58%, 0, 0, 1, 39.57, 31480, 1037
1103, 116, 0, 1, 0, 0, 1.58%, 0, 0, 1, 39.43, 31678, 1037
1108, 116, 0, 1, 0, 0, 1.58%, 0, 0, 1, 39.14, 31875, 1037
1113, 117, 0, 1, 0, 0, 1.58%, 0, 0, 1, 39.59, 32075, 1037
1118, 118, 0, 1, 0, 0, 1.58%, 0, 0, 1, 39.12, 32274, 1037
1123, 119, 0, 1, 0, 0, 1.58%, 0, 0, 1, 39.42, 32478, 1037
1128, 119, 0, 1, 0, 0, 1.58%, 0, 0, 1, 36.23, 32667, 1037
1133, 120, 0, 1, 0, 0, 1.58%, 0, 0, 1, 38.29, 32862, 1037
1139, 121, 0, 1, 0, 0, 1.58%, 0, 0, 1, 39.30, 33064, 1037
1144, 122, 0, 1, 0, 0, 1.58%, 0, 0, 1, 38.97, 33260, 1037
1149, 122, 0, 1, 0, 0, 1.58%, 0, 0, 1, 37.63, 33450, 1037
1154, 123, 0, 1, 0, 0, 1.58%, 0, 0, 1, 37.30, 33630, 1037
1159, 124, 0, 1, 0, 0, 1.58%, 0, 0, 1, 38.92, 33830, 1037
1164, 124, 0, 1, 0, 0, 1.58%, 0, 0, 1, 38.37, 34027, 1037
1169, 125, 0, 1, 0, 0, 1.58%, 0, 0, 1, 39.13, 34228, 1037
1174, 126, 0, 1, 0, 0, 1.58%, 0, 0, 1, 39.53, 34432, 1037
1179, 127, 0, 1, 0, 0, 1.58%, 0, 0, 1, 39.80, 34639, 1037
1185, 127, 0, 1, 0, 0, 1.58%, 0, 0, 1, 31.92, 34788, 1037
1190, 128, 0, 1, 0, 0, 1.58%, 0, 0, 1, 34.88, 34968, 1037
1195, 128, 0, 1, 0, 0, 1.58%, 0, 0, 1, 33.87, 35141, 1037
1200, 129, 0, 1, 0, 0, 1.58%, 0, 0, 1, 37.42, 35338, 1037
1205, 130, 0, 1, 0, 0, 1.58%, 0, 0, 1, 39.25, 35543, 1037
1210, 131, 0, 1, 0, 0, 1.58%, 0, 0, 1, 35.98, 35729, 1037
1215, 131, 0, 1, 0, 0, 1.58%, 0, 0, 1, 38.50, 35928, 1037
1220, 132, 0, 1, 0, 0, 1.58%, 0, 0, 1, 36.89, 36113, 1037
1225, 133, 0, 1, 0, 0, 1.58%, 0, 0, 1, 38.96, 36311, 1037
1231, 133, 0, 1, 0, 0, 1.58%, 0, 0, 1, 37.88, 36508, 1037
1236, 134, 0, 1, 0, 0, 1.58%, 0, 0, 1, 38.30, 36705, 1037
1241, 135, 0, 1, 0, 0, 1.58%, 0, 0, 1, 34.17, 36863, 1037
1246, 135, 0, 1, 0, 0, 1.58%, 0, 0, 1, 36.90, 37051, 1037
1251, 136, 0, 1, 0, 0, 1.58%, 0, 0, 1, 37.56, 37243, 1037
1256, 137, 0, 1, 0, 0, 1.58%, 0, 0, 1, 37.13, 37428, 1037
1261, 138, 0, 1, 0, 0, 1.58%, 0, 0, 1, 38.41, 37624, 1037
1266, 138, 0, 1, 0, 0, 1.58%, 0, 0, 1, 39.27, 37828, 1037
1271, 139, 0, 1, 0, 0, 1.58%, 0, 0, 1, 38.57, 38020, 1037
1276, 140, 0, 1, 0, 0, 1.58%, 0, 0, 1, 37.67, 38209, 1037
1281, 140, 0, 1, 0, 0, 1.58%, 0, 0, 1, 37.69, 38402, 1037
1287, 141, 0, 1, 0, 0, 1.58%, 0, 0, 1, 39.65, 38607, 1037
1292, 142, 0, 1, 0, 0, 1.58%, 0, 0, 1, 64.38, 38966, 1037
1297, 144, 0, 1, 0, 0, 1.58%, 0, 0, 1, 60.14, 39288, 1037
1302, 145, 0, 1, 0, 0, 1.58%, 0, 0, 1, 53.77, 39538, 1037
1307, 145, 0, 1, 0, 0, 1.58%, 0, 0, 1, 48.93, 39788, 1037
1312, 146, 0, 1, 0, 0, 1.58%, 0, 0, 1, 51.67, 40062, 1037
1317, 147, 0, 1, 0, 0, 1.58%, 0, 0, 1, 51.03, 40325, 1037
1323, 148, 0, 1, 0, 0, 1.58%, 0, 0, 1, 49.12, 40586, 1037
1328, 149, 0, 1, 0, 0, 1.58%, 0, 0, 1, 43.29, 40811, 1037
1333, 150, 0, 1, 0, 0, 1.58%, 0, 0, 1, 49.57, 41065, 1037
1338, 151, 0, 1, 0, 0, 1.58%, 0, 0, 1, 50.29, 41321, 1037
1343, 152, 0, 1, 0, 0, 1.58%, 0, 0, 1, 41.86, 41532, 1037
1348, 153, 0, 1, 0, 0, 1.58%, 0, 0, 1, 42.48, 41742, 1037
1353, 153, 0, 1, 0, 0, 1.58%, 0, 0, 1, 40.43, 41945, 1037
1358, 154, 0, 1, 0, 0, 1.58%, 0, 0, 1, 38.44, 42153, 1037
1363, 155, 0, 1, 0, 0, 1.58%, 0, 0, 1, 26.39, 42276, 1037
1368, 155, 0, 1, 0, 0, 1.58%, 0, 0, 1, 29.38, 42431, 1037
1373, 156, 0, 1, 0, 0, 1.58%, 0, 0, 1, 30.11, 42583, 1037
1379, 156, 0, 1, 0, 0, 1.58%, 0, 0, 1, 33.83, 42761, 1037
1384, 157, 0, 1, 0, 0, 1.58%, 0, 0, 1, 31.59, 42924, 1037
1389, 158, 0, 1, 0, 0, 1.58%, 0, 0, 1, 29.32, 43074, 1037
1394, 158, 0, 1, 0, 0, 1.58%, 0, 0, 1, 31.43, 43240, 1037
1399, 159, 0, 1, 0, 0, 1.58%, 0, 0, 1, 31.98, 43411, 1037
1404, 159, 0, 1, 0, 0, 1.58%, 0, 0, 1, 30.12, 43565, 1037
1410, 160, 0, 1, 0, 0, 1.58%, 0, 0, 1, 31.28, 43732, 1037
1415, 160, 0, 1, 0, 0, 1.58%, 0, 0, 1, 29.33, 43880, 1037
1420, 161, 0, 1, 0, 0, 1.58%, 0, 0, 1, 30.09, 44033, 1037
1425, 162, 0, 1, 0, 0, 1.58%, 0, 0, 1, 29.36, 44185, 1037
1430, 162, 0, 1, 0, 0, 1.58%, 0, 0, 1, 28.86, 44329, 1037
1435, 163, 0, 1, 0, 0, 1.58%, 0, 0, 1, 31.13, 44486, 1037
1440, 163, 0, 1, 0, 0, 1.58%, 0, 0, 1, 23.64, 44602, 1037
1445, 164, 0, 1, 0, 0, 1.58%, 0, 0, 1, 28.48, 44758, 1037
1450, 164, 0, 1, 0, 0, 1.58%, 0, 0, 1, 25.95, 44887, 1037
1456, 165, 0, 1, 0, 0, 1.58%, 0, 0, 1, 27.52, 45030, 1037
1461, 165, 0, 1, 0, 0, 1.58%, 0, 0, 1, 26.32, 45158, 1037
1466, 166, 0, 1, 0, 0, 1.58%, 0, 0, 1, 27.77, 45303, 1037
1471, 166, 0, 1, 0, 0, 1.58%, 0, 0, 1, 28.65, 45453, 1037
1476, 167, 0, 1, 0, 0, 1.58%, 0, 0, 1, 30.87, 45613, 1037
1481, 167, 0, 1, 0, 0, 1.58%, 0, 0, 1, 27.62, 45752, 1037
1487, 168, 0, 1, 0, 0, 1.58%, 0, 0, 1, 22.66, 45859, 1037
1492, 168, 0, 1, 0, 0, 1.58%, 0, 0, 1, 28.62, 46014, 1037
1497, 169, 0, 1, 0, 0, 1.58%, 0, 0, 1, 30.85, 46171, 1037
1502, 169, 0, 1, 0, 0, 1.58%, 0, 0, 1, 28.76, 46313, 1037
1507, 170, 0, 1, 0, 0, 1.58%, 0, 0, 1, 29.52, 46463, 1037
1512, 170, 0, 1, 0, 0, 1.58%, 0, 0, 1, 29.26, 46611, 1037
1517, 171, 0, 1, 0, 0, 1.58%, 0, 0, 1, 27.38, 46749, 1037
1522, 172, 0, 1, 0, 0, 1.58%, 0, 0, 1, 28.89, 46896, 1037
1527, 172, 0, 1, 0, 0, 1.58%, 0, 0, 1, 26.10, 47010, 1037
1533, 172, 0, 1, 0, 0, 1.58%, 0, 0, 1, 29.18, 47165, 1037
1538, 173, 0, 1, 0, 0, 1.58%, 0, 0, 1, 28.80, 47311, 1037
1543, 174, 0, 1, 0, 0, 1.58%, 0, 0, 1, 29.36, 47461, 1037
1548, 174, 0, 1, 0, 0, 1.58%, 0, 0, 1, 29.64, 47611, 1037
1553, 175, 0, 1, 0, 0, 1.58%, 0, 0, 1, 28.20, 47759, 1037
1558, 175, 0, 1, 0, 0, 1.58%, 0, 0, 1, 31.04, 47921, 1037
1563, 176, 0, 1, 0, 0, 1.58%, 0, 0, 1, 29.35, 48070, 1037
1569, 176, 0, 1, 0, 0, 1.58%, 0, 0, 1, 28.70, 48216, 1037
1574, 177, 0, 1, 0, 0, 1.58%, 0, 0, 1, 30.44, 48375, 1037
1579, 177, 0, 1, 0, 0, 1.58%, 0, 0, 1, 29.78, 48524, 1037
1584, 178, 0, 1, 0, 0, 1.58%, 0, 0, 1, 26.62, 48659, 1037
1589, 178, 0, 1, 0, 0, 1.58%, 0, 0, 1, 25.00, 48781, 1037
1594, 179, 0, 1, 0, 0, 1.58%, 0, 0, 1, 26.82, 48922, 1037
1599, 179, 0, 1, 0, 0, 1.58%, 0, 0, 1, 27.58, 49059, 1037
1604, 180, 0, 1, 0, 0, 1.58%, 0, 0, 1, 30.94, 49224, 1037
1609, 181, 0, 1, 0, 0, 1.58%, 0, 0, 1, 30.23, 49375, 1037
1614, 181, 0, 1, 0, 0, 1.58%, 0, 0, 1, 24.61, 49506, 1037
1619, 182, 0, 1, 0, 0, 1.58%, 0, 0, 1, 25.85, 49637, 1037
1625, 182, 0, 1, 0, 0, 1.58%, 0, 0, 1, 27.84, 49780, 1037
1630, 183, 0, 1, 0, 0, 1.58%, 0, 0, 1, 29.49, 49935, 1037
1635, 183, 0, 1, 0, 0, 1.58%, 0, 0, 1, 28.36, 50083, 1037
1640, 184, 0, 1, 0, 0, 1.58%, 0, 0, 1, 31.74, 50248, 1037
1645, 184, 0, 1, 0, 0, 1.58%, 0, 0, 1, 29.25, 50395, 1037
1650, 185, 0, 1, 0, 0, 1.58%, 0, 0, 1, 30.57, 50545, 1037
1655, 185, 0, 1, 0, 0, 1.58%, 0, 0, 1, 29.41, 50691, 1037
1660, 186, 0, 1, 0, 0, 1.58%, 0, 0, 1, 29.70, 50840, 1037
1665, 187, 0, 1, 0, 0, 1.58%, 0, 0, 1, 30.98, 51001, 1037
1671, 187, 0, 1, 0, 0, 1.58%, 0, 0, 1, 29.50, 51155, 1037
1676, 188, 0, 1, 0, 0, 1.58%, 0, 0, 1, 26.00, 51289, 1037
1681, 188, 0, 1, 0, 0, 1.58%, 0, 0, 1, 25.94, 51417, 1037
1686, 189, 0, 1, 0, 0, 1.58%, 0, 0, 1, 27.94, 51557, 1037
1691, 189, 0, 1, 0, 0, 1.58%, 0, 0, 1, 27.86, 51698, 1037
1696, 190, 0, 1, 0, 0, 1.58%, 0, 0, 1, 24.19, 51823, 1037
1701, 190, 0, 1, 0, 0, 1.58%, 0, 0, 1, 26.68, 51948, 1037
1706, 191, 0, 1, 0, 0, 1.58%, 0, 0, 1, 27.28, 52089, 1037
1711, 191, 0, 1, 0, 0, 1.58%, 0, 0, 1, 28.75, 52243, 1037
1716, 192, 0, 1, 0, 0, 1.58%, 0, 0, 1, 27.43, 52377, 1037
1721, 192, 0, 1, 0, 0, 1.58%, 0, 0, 1, 30.28, 52533, 1037
1726, 193, 0, 1, 0, 0, 1.58%, 0, 0, 1, 31.36, 52693, 1037
1731, 193, 0, 1, 0, 0, 1.58%, 0, 0, 1, 31.74, 52859, 1037
1737, 194, 0, 1, 0, 0, 1.58%, 0, 0, 1, 30.11, 53015, 1037
1742, 195, 0, 1, 0, 0, 1.58%, 0, 0, 1, 31.40, 53179, 1037
1747, 195, 0, 1, 0, 0, 1.58%, 0, 0, 1, 30.65, 53336, 1037
1752, 196, 0, 1, 0, 0, 1.58%, 0, 0, 1, 24.09, 53456, 1037
1757, 196, 0, 1, 0, 0, 1.58%, 0, 0, 1, 26.06, 53591, 1037
1762, 197, 0, 1, 0, 0, 1.58%, 0, 0, 1, 26.23, 53733, 1037
1768, 197, 0, 1, 0, 0, 1.58%, 0, 0, 1, 23.23, 53845, 1037
1773, 198, 0, 1, 0, 0, 1.58%, 0, 0, 1, 31.33, 54001, 1037
1778, 198, 0, 1, 0, 0, 1.58%, 0, 0, 1, 40.68, 54222, 1037
1783, 199, 0, 1, 0, 0, 1.58%, 0, 0, 1, 41.97, 54434, 1037
1788, 200, 0, 1, 0, 0, 1.58%, 0, 0, 1, 43.20, 54656, 1037
1793, 201, 0, 1, 0, 0, 1.58%, 0, 0, 1, 42.93, 54873, 1037
1798, 201, 0, 1, 0, 0, 1.58%, 0, 0, 1, 38.31, 55049, 1037
1803, 202, 0, 1, 0, 0, 1.58%, 0, 0, 1, 41.27, 55259, 1037
1808, 203, 0, 1, 0, 0, 1.58%, 0, 0, 1, 42.35, 55476, 1037
1813, 204, 0, 1, 0, 0, 1.58%, 0, 0, 1, 43.26, 55697, 1037
1818, 205, 0, 1, 0, 0, 1.58%, 0, 0, 1, 43.58, 55920, 1037
1824, 205, 0, 1, 0, 0, 1.58%, 0, 0, 1, 42.94, 56144, 1037
1829, 206, 0, 1, 0, 0, 1.58%, 0, 0, 1, 42.29, 56356, 1037
1834, 207, 0, 1, 0, 0, 1.58%, 0, 0, 1, 42.21, 56571, 1037
1839, 208, 0, 1, 0, 0, 1.58%, 0, 0, 1, 43.08, 56793, 1037
1844, 209, 0, 1, 0, 0, 1.58%, 0, 0, 1, 42.79, 57015, 1037
1849, 209, 0, 1, 0, 0, 1.58%, 0, 0, 1, 42.77, 57231, 1037
1854, 210, 0, 1, 0, 0, 1.58%, 0, 0, 1, 39.96, 57438, 1037
1860, 211, 0, 1, 0, 0, 1.58%, 0, 0, 1, 40.47, 57637, 1037
1865, 212, 0, 1, 0, 0, 1.58%, 0, 0, 1, 42.57, 57855, 1037
1870, 212, 0, 1, 0, 0, 1.58%, 0, 0, 1, 33.51, 58018, 1037
1875, 213, 0, 1, 0, 0, 1.58%, 0, 0, 1, 41.17, 58235, 1037
1880, 214, 0, 1, 0, 0, 1.58%, 0, 0, 1, 42.39, 58455, 1037
1885, 215, 0, 1, 0, 0, 1.58%, 0, 0, 1, 42.38, 58669, 1037
1890, 215, 0, 1, 0, 0, 1.58%, 0, 0, 1, 39.57, 58874, 1037
1895, 216, 0, 1, 0, 0, 1.58%, 0, 0, 1, 32.83, 59042, 1037
1900, 216, 0, 1, 0, 0, 1.58%, 0, 0, 1, 27.89, 59178, 1037
1905, 217, 0, 1, 0, 0, 1.58%, 0, 0, 1, 24.95, 59304, 1037
1911, 217, 0, 1, 0, 0, 1.58%, 0, 0, 1, 25.18, 59436, 1037
1916, 218, 0, 1, 0, 0, 1.58%, 0, 0, 1, 27.86, 59575, 1037
1921, 218, 0, 1, 0, 0, 1.58%, 0, 0, 1, 24.17, 59698, 1037
1926, 219, 0, 1, 0, 0, 1.58%, 0, 0, 1, 21.64, 59799, 1037
1931, 219, 0, 1, 0, 0, 1.58%, 0, 0, 1, 25.95, 59930, 1037
1936, 220, 0, 1, 0, 0, 1.58%, 0, 0, 1, 23.25, 60045, 1037
1939, 220, 0, 1, 0, 0, 1.58%, 0, 0, 1, 0.00, 60114, 1037
