# relative_time, cycles_done, cur_item, corpus_count, pending_total, pending_favs, map_size, saved_crashes, saved_hangs, max_depth, execs_per_sec, total_execs, edges_found
61, 8, 0, 1, 0, 0, 1.48%, 0, 0, 1, 29.89, 2159, 972
66, 8, 0, 1, 0, 0, 1.48%, 0, 0, 1, 34.84, 2341, 972
71, 9, 0, 1, 0, 0, 1.48%, 0, 0, 1, 32.68, 2512, 972
76, 10, 0, 1, 0, 0, 1.48%, 0, 0, 1, 32.97, 2677, 972
81, 10, 0, 1, 0, 0, 1.48%, 0, 0, 1, 32.17, 2841, 972
86, 11, 0, 1, 0, 0, 1.48%, 0, 0, 1, 29.91, 2994, 972
92, 11, 0, 1, 0, 0, 1.48%, 0, 0, 1, 30.45, 3154, 972
97, 12, 0, 1, 0, 0, 1.48%, 0, 0, 1, 28.83, 3302, 972
102, 12, 0, 1, 0, 0, 1.48%, 0, 0, 1, 23.28, 3413, 972
107, 13, 0, 1, 0, 0, 1.48%, 0, 0, 1, 29.50, 3572, 972
112, 13, 0, 1, 0, 0, 1.48%, 0, 0, 1, 30.51, 3727, 972
117, 14, 0, 1, 0, 0, 1.48%, 0, 0, 1, 27.03, 3859, 972
122, 14, 0, 1, 0, 0, 1.48%, 0, 0, 1, 28.92, 4009, 972
127, 15, 0, 1, 0, 0, 1.48%, 0, 0, 1, 26.25, 4138, 972
133, 15, 0, 1, 0, 0, 1.48%, 0, 0, 1, 27.57, 4286, 972
138, 16, 0, 1, 0, 0, 1.48%, 0, 0, 1, 31.37, 4450, 972
143, 17, 0, 1, 0, 0, 1.48%, 0, 0, 1, 29.25, 4603, 972
148, 17, 0, 1, 0, 0, 1.48%, 0, 0, 1, 21.22, 4704, 972
153, 18, 0, 1, 0, 0, 1.48%, 0, 0, 1, 28.24, 4854, 972
158, 18, 0, 1, 0, 0, 1.48%, 0, 0, 1, 26.92, 4985, 972
163, 19, 0, 1, 0, 0, 1.48%, 0, 0, 1, 28.66, 5136, 972
169, 19, 0, 1, 0, 0, 1.48%, 0, 0, 1, 28.04, 5282, 972
174, 20, 0, 1, 0, 0, 1.48%, 0, 0, 1, 27.12, 5419, 972
179, 20, 0, 1, 0, 0, 1.48%, 0, 0, 1, 28.08, 5565, 972
184, 21, 0, 1, 0, 0, 1.48%, 0, 0, 1, 27.95, 5718, 972
189, 21, 0, 1, 0, 0, 1.48%, 0, 0, 1, 25.50, 5836, 972
194, 22, 0, 1, 0, 0, 1.48%, 0, 0, 1, 27.64, 5987, 972
199, 22, 0, 1, 0, 0, 1.48%, 0, 0, 1, 30.82, 6143, 972
204, 23, 0, 1, 0, 0, 1.48%, 0, 0, 1, 30.47, 6296, 972
210, 23, 0, 1, 0, 0, 1.48%, 0, 0, 1, 30.36, 6451, 972
215, 24, 0, 1, 0, 0, 1.48%, 0, 0, 1, 29.97, 6605, 972
220, 25, 0, 1, 0, 0, 1.48%, 0, 0, 1, 30.14, 6765, 972
225, 25, 0, 1, 0, 0, 1.48%, 0, 0, 1, 31.55, 6929, 972
230, 26, 0, 1, 0, 0, 1.48%, 0, 0, 1, 33.93, 7103, 972
235, 26, 0, 1, 0, 0, 1.48%, 0, 0, 1, 30.33, 7258, 972
240, 27, 0, 1, 0, 0, 1.48%, 0, 0, 1, 32.23, 7428, 972
246, 27, 0, 1, 0, 0, 1.48%, 0, 0, 1, 29.59, 7576, 972
251, 28, 0, 1, 0, 0, 1.48%, 0, 0, 1, 27.17, 7709, 972
256, 29, 0, 1, 0, 0, 1.48%, 0, 0, 1, 30.26, 7868, 972
261, 29, 0, 1, 0, 0, 1.48%, 0, 0, 1, 30.00, 8026, 972
266, 30, 0, 1, 0, 0, 1.48%, 0, 0, 1, 30.61, 8178, 972
271, 30, 0, 1, 0, 0, 1.48%, 0, 0, 1, 29.94, 8328, 972
276, 31, 0, 1, 0, 0, 1.48%, 0, 0, 1, 25.01, 8455, 972
281, 31, 0, 1, 0, 0, 1.48%, 0, 0, 1, 28.47, 8592, 972
286, 32, 0, 1, 0, 0, 1.48%, 0, 0, 1, 31.65, 8757, 972
291, 32, 0, 1, 0, 0, 1.48%, 0, 0, 1, 30.58, 8913, 972
296, 33, 0, 1, 0, 0, 1.48%, 0, 0, 1, 32.03, 9081, 972
302, 34, 0, 1, 0, 0, 1.48%, 0, 0, 1, 31.98, 9244, 972
307, 34, 0, 1, 0, 0, 1.48%, 0, 0, 1, 32.07, 9401, 972
312, 35, 0, 1, 0, 0, 1.48%, 0, 0, 1, 33.36, 9576, 972
317, 35, 0, 1, 0, 0, 1.48%, 0, 0, 1, 32.98, 9739, 972
322, 36, 0, 1, 0, 0, 1.48%, 0, 0, 1, 29.15, 9891, 972
327, 36, 0, 1, 0, 0, 1.48%, 0, 0, 1, 28.15, 10033, 972
332, 37, 0, 1, 0, 0, 1.48%, 0, 0, 1, 27.89, 10182, 972
337, 37, 0, 1, 0, 0, 1.48%, 0, 0, 1, 24.45, 10311, 972
343, 38, 0, 1, 0, 0, 1.48%, 0, 0, 1, 25.91, 10437, 972
348, 39, 0, 1, 0, 0, 1.48%, 0, 0, 1, 30.20, 10601, 972
353, 39, 0, 1, 0, 0, 1.48%, 0, 0, 1, 28.72, 10742, 972
358, 40, 0, 1, 0, 0, 1.48%, 0, 0, 1, 26.43, 10882, 972
363, 40, 0, 1, 0, 0, 1.48%, 0, 0, 1, 25.89, 11009, 972
368, 41, 0, 1, 0, 0, 1.48%, 0, 0, 1, 27.67, 11150, 972
373, 41, 0, 1, 0, 0, 1.48%, 0, 0, 1, 29.97, 11298, 972
378, 42, 0, 1, 0, 0, 1.48%, 0, 0, 1, 32.74, 11473, 972
383, 42, 0, 1, 0, 0, 1.48%, 0, 0, 1, 31.08, 11628, 972
388, 43, 0, 1, 0, 0, 1.48%, 0, 0, 1, 28.19, 11772, 972
394, 43, 0, 1, 0, 0, 1.48%, 0, 0, 1, 28.45, 11921, 972
399, 44, 0, 1, 0, 0, 1.48%, 0, 0, 1, 31.19, 12083, 972
404, 45, 0, 1, 0, 0, 1.48%, 0, 0, 1, 30.85, 12244, 972
409, 45, 0, 1, 0, 0, 1.48%, 0, 0, 1, 30.14, 12399, 972
414, 46, 0, 1, 0, 0, 1.48%, 0, 0, 1, 27.81, 12544, 972
419, 46, 0, 1, 0, 0, 1.48%, 0, 0, 1, 25.10, 12668, 972
425, 47, 0, 1, 0, 0, 1.48%, 0, 0, 1, 26.95, 12814, 972
430, 47, 0, 1, 0, 0, 1.48%, 0, 0, 1, 24.74, 12939, 972
435, 48, 0, 1, 0, 0, 1.48%, 0, 0, 1, 29.77, 13084, 972
440, 49, 0, 1, 0, 0, 1.48%, 0, 0, 1, 42.92, 13321, 972
445, 49, 0, 1, 0, 0, 1.48%, 0, 0, 1, 44.76, 13548, 972
450, 50, 0, 1, 0, 0, 1.48%, 0, 0, 1, 46.44, 13787, 972
455, 51, 0, 1, 0, 0, 1.48%, 0, 0, 1, 46.36, 14023, 972
460, 52, 0, 1, 0, 0, 1.48%, 0, 0, 1, 40.84, 14213, 972
465, 53, 0, 1, 0, 0, 1.48%, 0, 0, 1, 44.24, 14443, 972
470, 53, 0, 1, 0, 0, 1.48%, 0, 0, 1, 45.78, 14676, 972
475, 54, 0, 1, 0, 0, 1.48%, 0, 0, 1, 46.70, 14912, 972
481, 55, 0, 1, 0, 0, 1.48%, 0, 0, 1, 47.52, 15162, 972
486, 56, 0, 1, 0, 0, 1.48%, 0, 0, 1, 48.22, 15412, 972
491, 57, 0, 1, 0, 0, 1.48%, 0, 0, 1, 47.28, 15655, 972
496, 58, 0, 1, 0, 0, 1.48%, 0, 0, 1, 47.39, 15900, 972
501, 59, 0, 1, 0, 0, 1.48%, 0, 0, 1, 48.23, 16152, 972
507, 60, 0, 1, 0, 0, 1.48%, 0, 0, 1, 48.36, 16400, 972
512, 61, 0, 1, 0, 0, 1.48%, 0, 0, 1, 48.88, 16652, 972
517, 62, 0, 1, 0, 0, 1.48%, 0, 0, 1, 44.66, 16880, 972
522, 62, 0, 1, 0, 0, 1.48%, 0, 0, 1, 46.18, 17108, 972
527, 63, 0, 1, 0, 0, 1.48%, 0, 0, 1, 47.42, 17354, 972
532, 64, 0, 1, 0, 0, 1.48%, 0, 0, 1, 38.52, 17545, 972
537, 65, 0, 1, 0, 0, 1.48%, 0, 0, 1, 45.47, 17781, 972
542, 66, 0, 1, 0, 0, 1.48%, 0, 0, 1, 46.77, 18024, 972
548, 67, 0, 1, 0, 0, 1.48%, 0, 0, 1, 47.23, 18265, 972
553, 67, 0, 1, 0, 0, 1.48%, 0, 0, 1, 45.33, 18502, 972
558, 68, 0, 1, 0, 0, 1.48%, 0, 0, 1, 40.16, 18711, 972
563, 69, 0, 1, 0, 0, 1.48%, 0, 0, 1, 26.42, 18832, 972
568, 69, 0, 1, 0, 0, 1.48%, 0, 0, 1, 24.93, 18955, 972
573, 70, 0, 1, 0, 0, 1.48%, 0, 0, 1, 24.04, 19075, 972
578, 70, 0, 1, 0, 0, 1.48%, 0, 0, 1, 25.68, 19208, 972
584, 71, 0, 1, 0, 0, 1.48%, 0, 0, 1, 22.05, 19324, 972
589, 71, 0, 1, 0, 0, 1.48%, 0, 0, 1, 24.48, 19447, 972
594, 71, 0, 1, 0, 0, 1.48%, 0, 0, 1, 24.54, 19568, 972
599, 72, 0, 1, 0, 0, 1.48%, 0, 0, 1, 23.98, 19693, 972
604, 73, 0, 1, 0, 0, 1.48%, 0, 0, 1, 37.51, 19877, 972
609, 73, 0, 1, 0, 0, 1.48%, 0, 0, 1, 42.41, 20115, 972
614, 74, 0, 1, 0, 0, 1.48%, 0, 0, 1, 41.76, 20330, 972
619, 75, 0, 1, 0, 0, 1.48%, 0, 0, 1, 36.65, 20514, 972
624, 75, 0, 1, 0, 0, 1.48%, 0, 0, 1, 30.93, 20664, 972
630, 76, 0, 1, 0, 0, 1.48%, 0, 0, 1, 30.04, 20828, 972
635, 77, 0, 1, 0, 0, 1.48%, 0, 0, 1, 33.91, 20994, 972
640, 77, 0, 1, 0, 0, 1.48%, 0, 0, 1, 29.82, 21151, 972
645, 78, 0, 1, 0, 0, 1.48%, 0, 0, 1, 32.03, 21304, 972
650, 78, 0, 1, 0, 0, 1.48%, 0, 0, 1, 34.96, 21493, 972
655, 79, 0, 1, 0, 0, 1.48%, 0, 0, 1, 37.22, 21686, 972
660, 80, 0, 1, 0, 0, 1.48%, 0, 0, 1, 32.31, 21847, 972
665, 80, 0, 1, 0, 0, 1.48%, 0, 0, 1, 34.77, 22021, 972
671, 81, 0, 1, 0, 0, 1.48%, 0, 0, 1, 40.69, 22229, 972
676, 82, 0, 1, 0, 0, 1.48%, 0, 0, 1, 38.47, 22426, 972
681, 83, 0, 1, 0, 0, 1.48%, 0, 0, 1, 39.67, 22631, 972
686, 83, 0, 1, 0, 0, 1.48%, 0, 0, 1, 37.68, 22821, 972
691, 84, 0, 1, 0, 0, 1.48%, 0, 0, 1, 34.71, 23003, 972
696, 85, 0, 1, 0, 0, 1.48%, 0, 0, 1, 38.52, 23201, 972
701, 85, 0, 1, 0, 0, 1.48%, 0, 0, 1, 37.53, 23391, 972
706, 86, 0, 1, 0, 0, 1.48%, 0, 0, 1, 34.68, 23559, 972
711, 87, 0, 1, 0, 0, 1.48%, 0, 0, 1, 32.36, 23728, 972
717, 87, 0, 1, 0, 0, 1.48%, 0, 0, 1, 28.25, 23860, 972
722, 88, 0, 1, 0, 0, 1.48%, 0, 0, 1, 35.00, 24039, 972
727, 89, 0, 1, 0, 0, 1.48%, 0, 0, 1, 40.21, 24249, 972
732, 89, 0, 1, 0, 0, 1.48%, 0, 0, 1, 41.92, 24463, 972
737, 90, 0, 1, 0, 0, 1.48%, 0, 0, 1, 42.85, 24681, 972
742, 91, 0, 1, 0, 0, 1.48%, 0, 0, 1, 39.09, 24886, 972
747, 92, 0, 1, 0, 0, 1.48%, 0, 0, 1, 40.17, 25094, 972
752, 92, 0, 1, 0, 0, 1.48%, 0, 0, 1, 34.95, 25273, 972
757, 93, 0, 1, 0, 0, 1.48%, 0, 0, 1, 38.71, 25474, 972
762, 94, 0, 1, 0, 0, 1.48%, 0, 0, 1, 39.63, 25678, 972
767, 95, 0, 1, 0, 0, 1.48%, 0, 0, 1, 38.17, 25875, 972
773, 95, 0, 1, 0, 0, 1.48%, 0, 0, 1, 38.98, 26073, 972
778, 96, 0, 1, 0, 0, 1.48%, 0, 0, 1, 33.64, 26230, 972
783, 97, 0, 1, 0, 0, 1.48%, 0, 0, 1, 38.07, 26430, 972
788, 97, 0, 1, 0, 0, 1.48%, 0, 0, 1, 39.38, 26634, 972
793, 98, 0, 1, 0, 0, 1.48%, 0, 0, 1, 43.40, 26859, 972
798, 99, 0, 1, 0, 0, 1.48%, 0, 0, 1, 43.27, 27087, 972
803, 100, 0, 1, 0, 0, 1.48%, 0, 0, 1, 41.57, 27295, 972
808, 101, 0, 1, 0, 0, 1.48%, 0, 0, 1, 45.67, 27533, 972
813, 101, 0, 1, 0, 0, 1.48%, 0, 0, 1, 39.83, 27729, 972
819, 102, 0, 1, 0, 0, 1.48%, 0, 0, 1, 35.55, 27891, 972
824, 103, 0, 1, 0, 0, 1.48%, 0, 0, 1, 40.03, 28101, 972
829, 103, 0, 1, 0, 0, 1.48%, 0, 0, 1, 40.11, 28307, 972
834, 104, 0, 1, 0, 0, 1.48%, 0, 0, 1, 39.17, 28503, 972
839, 105, 0, 1, 0, 0, 1.48%, 0, 0, 1, 40.10, 28706, 972
844, 106, 0, 1, 0, 0, 1.48%, 0, 0, 1, 43.21, 28928, 972
849, 106, 0, 1, 0, 0, 1.48%, 0, 0, 1, 37.73, 29118, 972
854, 107, 0, 1, 0, 0, 1.48%, 0, 0, 1, 40.92, 29316, 972
859, 108, 0, 1, 0, 0, 1.48%, 0, 0, 1, 40.10, 29511, 972
864, 109, 0, 1, 0, 0, 1.48%, 0, 0, 1, 40.25, 29711, 972
869, 109, 0, 1, 0, 0, 1.48%, 0, 0, 1, 34.95, 29885, 972
874, 110, 0, 1, 0, 0, 1.48%, 0, 0, 1, 34.47, 30071, 972
880, 110, 0, 1, 0, 0, 1.48%, 0, 0, 1, 31.04, 30211, 972
885, 111, 0, 1, 0, 0, 1.48%, 0, 0, 1, 36.99, 30406, 972
890, 112, 0, 1, 0, 0, 1.48%, 0, 0, 1, 37.15, 30597, 972
895, 112, 0, 1, 0, 0, 1.48%, 0, 0, 1, 28.75, 30751, 972
900, 113, 0, 1, 0, 0, 1.48%, 0, 0, 1, 37.77, 30941, 972
905, 114, 0, 1, 0, 0, 1.48%, 0, 0, 1, 34.55, 31114, 972
910, 114, 0, 1, 0, 0, 1.48%, 0, 0, 1, 38.41, 31314, 972
915, 115, 0, 1, 0, 0, 1.48%, 0, 0, 1, 35.23, 31488, 972
920, 116, 0, 1, 0, 0, 1.48%, 0, 0, 1, 37.16, 31678, 972
926, 116, 0, 1, 0, 0, 1.48%, 0, 0, 1, 35.30, 31857, 972
931, 117, 0, 1, 0, 0, 1.48%, 0, 0, 1, 37.58, 32042, 972
936, 118, 0, 1, 0, 0, 1.48%, 0, 0, 1, 41.89, 32253, 972
941, 119, 0, 1, 0, 0, 1.48%, 0, 0, 1, 44.65, 32487, 972
946, 119, 0, 1, 0, 0, 1.48%, 0, 0, 1, 39.78, 32677, 972
951, 120, 0, 1, 0, 0, 1.48%, 0, 0, 1, 37.45, 32862, 972
956, 121, 0, 1, 0, 0, 1.48%, 0, 0, 1, 35.46, 33038, 972
961, 121, 0, 1, 0, 0, 1.48%, 0, 0, 1, 39.26, 33240, 972
966, 122, 0, 1, 0, 0, 1.48%, 0, 0, 1, 39.87, 33440, 972
971, 123, 0, 1, 0, 0, 1.48%, 0, 0, 1, 38.25, 33632, 972
976, 124, 0, 1, 0, 0, 1.48%, 0, 0, 1, 38.15, 33822, 972
981, 124, 0, 1, 0, 0, 1.48%, 0, 0, 1, 39.61, 34024, 972
987, 125, 0, 1, 0, 0, 1.48%, 0, 0, 1, 35.89, 34203, 972
992, 126, 0, 1, 0, 0, 1.48%, 0, 0, 1, 30.77, 34371, 972
997, 126, 0, 1, 0, 0, 1.48%, 0, 0, 1, 40.57, 34584, 972
1002, 127, 0, 1, 0, 0, 1.48%, 0, 0, 1, 42.37, 34800, 972
1007, 128, 0, 1, 0, 0, 1.48%, 0, 0, 1, 42.74, 35019, 972
1012, 129, 0, 1, 0, 0, 1.48%, 0, 0, 1, 41.12, 35225, 972
1017, 130, 0, 1, 0, 0, 1.48%, 0, 0, 1, 41.27, 35442, 972
1022, 130, 0, 1, 0, 0, 1.48%, 0, 0, 1, 40.43, 35647, 972
1027, 131, 0, 1, 0, 0, 1.48%, 0, 0, 1, 43.24, 35866, 972
1032, 132, 0, 1, 0, 0, 1.48%, 0, 0, 1, 41.28, 36070, 972
1037, 133, 0, 1, 0, 0, 1.48%, 0, 0, 1, 41.07, 36281, 972
1042, 133, 0, 1, 0, 0, 1.48%, 0, 0, 1, 40.37, 36483, 972
1048, 134, 0, 1, 0, 0, 1.48%, 0, 0, 1, 40.64, 36698, 972
1053, 135, 0, 1, 0, 0, 1.48%, 0, 0, 1, 37.51, 36888, 972
1058, 136, 0, 1, 0, 0, 1.48%, 0, 0, 1, 40.54, 37094, 972
1063, 136, 0, 1, 0, 0, 1.48%, 0, 0, 1, 40.32, 37302, 972
1068, 137, 0, 1, 0, 0, 1.48%, 0, 0, 1, 40.41, 37505, 972
1073, 138, 0, 1, 0, 0, 1.48%, 0, 0, 1, 35.75, 37677, 972
1078, 138, 0, 1, 0, 0, 1.48%, 0, 0, 1, 39.44, 37878, 972
1083, 139, 0, 1, 0, 0, 1.48%, 0, 0, 1, 37.95, 38064, 972
1088, 140, 0, 1, 0, 0, 1.48%, 0, 0, 1, 37.37, 38252, 972
1093, 141, 0, 1, 0, 0, 1.48%, 0, 0, 1, 38.78, 38451, 972
1098, 141, 0, 1, 0, 0, 1.48%, 0, 0, 1, 39.71, 38654, 972
1103, 142, 0, 1, 0, 0, 1.48%, 0, 0, 1, 38.45, 38845, 972
1108, 143, 0, 1, 0, 0, 1.48%, 0, 0, 1, 38.09, 39036, 972
1114, 143, 0, 1, 0, 0, 1.48%, 0, 0, 1, 39.36, 39236, 972
1119, 144, 0, 1, 0, 0, 1.48%, 0, 0, 1, 39.33, 39438, 972
1124, 145, 0, 1, 0, 0, 1.48%, 0, 0, 1, 42.24, 39652, 972
1129, 146, 0, 1, 0, 0, 1.48%, 0, 0, 1, 43.80, 39875, 972
1134, 146, 0, 1, 0, 0, 1.48%, 0, 0, 1, 39.49, 40068, 972
1139, 147, 0, 1, 0, 0, 1.48%, 0, 0, 1, 43.78, 40294, 972
1144, 148, 0, 1, 0, 0, 1.48%, 0, 0, 1, 41.97, 40505, 972
1149, 149, 0, 1, 0, 0, 1.48%, 0, 0, 1, 40.69, 40712, 972
1154, 149, 0, 1, 0, 0, 1.48%, 0, 0, 1, 31.01, 40860, 972
1159, 150, 0, 1, 0, 0, 1.48%, 0, 0, 1, 34.05, 41025, 972
1164, 151, 0, 1, 0, 0, 1.48%, 0, 0, 1, 43.01, 41249, 972
1170, 152, 0, 1, 0, 0, 1.48%, 0, 0, 1, 47.28, 41495, 972
1175, 153, 0, 1, 0, 0, 1.48%, 0, 0, 1, 47.72, 41736, 972
1180, 153, 0, 1, 0, 0, 1.48%, 0, 0, 1, 47.57, 41976, 972
1185, 154, 0, 1, 0, 0, 1.48%, 0, 0, 1, 40.96, 42164, 972
1190, 155, 0, 1, 0, 0, 1.48%, 0, 0, 1, 46.80, 42414, 972
1195, 156, 0, 1, 0, 0, 1.48%, 0, 0, 1, 48.03, 42655, 972
1200, 157, 0, 1, 0, 0, 1.48%, 0, 0, 1, 48.93, 42904, 972
1205, 158, 0, 1, 0, 0, 1.48%, 0, 0, 1, 48.84, 43152, 972
1210, 159, 0, 1, 0, 0, 1.48%, 0, 0, 1, 48.14, 43394, 972
1215, 160, 0, 1, 0, 0, 1.48%, 0, 0, 1, 47.47, 43641, 972
1220, 160, 0, 1, 0, 0, 1.48%, 0, 0, 1, 47.48, 43887, 972
1226, 161, 0, 1, 0, 0, 1.48%, 0, 0, 1, 47.27, 44132, 972
1231, 162, 0, 1, 0, 0, 1.48%, 0, 0, 1, 46.27, 44363, 972
1236, 163, 0, 1, 0, 0, 1.48%, 0, 0, 1, 47.87, 44614, 972
1241, 164, 0, 1, 0, 0, 1.48%, 0, 0, 1, 41.88, 44832, 972
1246, 165, 0, 1, 0, 0, 1.48%, 0, 0, 1, 45.40, 45059, 972
1251, 166, 0, 1, 0, 0, 1.48%, 0, 0, 1, 46.50, 45297, 972
1256, 166, 0, 1, 0, 0, 1.48%, 0, 0, 1, 44.23, 45526, 972
1261, 167, 0, 1, 0, 0, 1.48%, 0, 0, 1, 37.41, 45709, 972
1267, 168, 0, 1, 0, 0, 1.48%, 0, 0, 1, 35.60, 45878, 972
1272, 168, 0, 1, 0, 0, 1.48%, 0, 0, 1, 37.97, 46023, 972
1277, 169, 0, 1, 0, 0, 1.48%, 0, 0, 1, 47.47, 46208, 972
1282, 170, 0, 1, 0, 0, 1.48%, 0, 0, 1, 43.00, 46428, 972
1287, 171, 0, 1, 0, 0, 1.48%, 0, 0, 1, 45.07, 46657, 972
1292, 171, 0, 1, 0, 0, 1.48%, 0, 0, 1, 8.78, 46842, 972
1297, 172, 0, 1, 0, 0, 1.48%, 0, 0, 1, 48.67, 47085, 972
1302, 173, 0, 1, 0, 0, 1.48%, 0, 0, 1, 47.79, 47327, 972
1307, 174, 0, 1, 0, 0, 1.48%, 0, 0, 1, 49.17, 47574, 972
1312, 175, 0, 1, 0, 0, 1.48%, 0, 0, 1, 48.77, 47819, 972
1317, 176, 0, 1, 0, 0, 1.48%, 0, 0, 1, 46.37, 48060, 972
1322, 176, 0, 1, 0, 0, 1.48%, 0, 0, 1, 39.50, 48256, 972
1328, 177, 0, 1, 0, 0, 1.48%, 0, 0, 1, 35.96, 48432, 972
1333, 178, 0, 1, 0, 0, 1.48%, 0, 0, 1, 41.35, 48654, 972
1338, 179, 0, 1, 0, 0, 1.48%, 0, 0, 1, 44.16, 48877, 972
1343, 179, 0, 1, 0, 0, 1.48%, 0, 0, 1, 39.56, 49075, 972
1348, 180, 0, 1, 0, 0, 1.48%, 0, 0, 1, 40.33, 49288, 972
1353, 181, 0, 1, 0, 0, 1.48%, 0, 0, 1, 42.59, 49506, 972
1358, 182, 0, 1, 0, 0, 1.48%, 0, 0, 1, 30.78, 49636, 972
1363, 182, 0, 1, 0, 0, 1.48%, 0, 0, 1, 37.48, 49842, 972
1368, 183, 0, 1, 0, 0, 1.48%, 0, 0, 1, 36.65, 50026, 972
1373, 184, 0, 1, 0, 0, 1.48%, 0, 0, 1, 34.27, 50188, 972
1378, 184, 0, 1, 0, 0, 1.48%, 0, 0, 1, 34.39, 50379, 972
1384, 185, 0, 1, 0, 0, 1.48%, 0, 0, 1, 34.63, 50560, 972
1389, 186, 0, 1, 0, 0, 1.48%, 0, 0, 1, 37.93, 50753, 972
1394, 186, 0, 1, 0, 0, 1.48%, 0, 0, 1, 40.21, 50961, 972
1399, 187, 0, 1, 0, 0, 1.48%, 0, 0, 1, 43.47, 51191, 972
1404, 188, 0, 1, 0, 0, 1.48%, 0, 0, 1, 42.56, 51406, 972
1409, 189, 0, 1, 0, 0, 1.48%, 0, 0, 1, 36.55, 51580, 972
1414, 189, 0, 1, 0, 0, 1.48%, 0, 0, 1, 31.94, 51743, 972
1419, 190, 0, 1, 0, 0, 1.48%, 0, 0, 1, 35.16, 51923, 972
1425, 191, 0, 1, 0, 0, 1.48%, 0, 0, 1, 35.13, 52107, 972
1430, 191, 0, 1, 0, 0, 1.48%, 0, 0, 1, 37.60, 52302, 972
1435, 192, 0, 1, 0, 0, 1.48%, 0, 0, 1, 37.61, 52503, 972
1440, 193, 0, 1, 0, 0, 1.48%, 0, 0, 1, 31.77, 52660, 972
1445, 193, 0, 1, 0, 0, 1.48%, 0, 0, 1, 37.81, 52857, 972
1450, 194, 0, 1, 0, 0, 1.48%, 0, 0, 1, 32.61, 53014, 972
1455, 195, 0, 1, 0, 0, 1.48%, 0, 0, 1, 35.39, 53195, 972
1460, 195, 0, 1, 0, 0, 1.48%, 0, 0, 1, 36.10, 53382, 972
1466, 196, 0, 1, 0, 0, 1.48%, 0, 0, 1, 35.19, 53565, 972
1471, 197, 0, 1, 0, 0, 1.48%, 0, 0, 1, 35.51, 53744, 972
1476, 197, 0, 1, 0, 0, 1.48%, 0, 0, 1, 34.98, 53930, 972
1481, 198, 0, 1, 0, 0, 1.48%, 0, 0, 1, 38.77, 54127, 972
1486, 199, 0, 1, 0, 0, 1.48%, 0, 0, 1, 37.56, 54317, 972
1491, 199, 0, 1, 0, 0, 1.48%, 0, 0, 1, 37.68, 54508, 972
1496, 200, 0, 1, 0, 0, 1.48%, 0, 0, 1, 37.26, 54704, 972
1502, 201, 0, 1, 0, 0, 1.48%, 0, 0, 1, 33.76, 54870, 972
1507, 201, 0, 1, 0, 0, 1.48%, 0, 0, 1, 36.92, 55058, 972
1512, 202, 0, 1, 0, 0, 1.48%, 0, 0, 1, 42.07, 55273, 972
1517, 203, 0, 1, 0, 0, 1.48%, 0, 0, 1, 40.16, 55470, 972
1522, 204, 0, 1, 0, 0, 1.48%, 0, 0, 1, 37.43, 55635, 972
1527, 204, 0, 1, 0, 0, 1.48%, 0, 0, 1, 5.37, 55769, 972
1532, 204, 0, 1, 0, 0, 1.48%, 0, 0, 1, 9.60, 55824, 972
1538, 205, 0, 1, 0, 0, 1.48%, 0, 0, 1, 31.21, 55977, 972
1543, 206, 0, 1, 0, 0, 1.48%, 0, 0, 1, 37.54, 56184, 972
1548, 206, 0, 1, 0, 0, 1.48%, 0, 0, 1, 39.85, 56390, 972
1553, 207, 0, 1, 0, 0, 1.48%, 0, 0, 1, 40.86, 56593, 972
1558, 208, 0, 1, 0, 0, 1.48%, 0, 0, 1, 42.96, 56814, 972
1563, 209, 0, 1, 0, 0, 1.48%, 0, 0, 1, 43.85, 57037, 972
1568, 209, 0, 1, 0, 0, 1.48%, 0, 0, 1, 43.73, 57260, 972
1573, 210, 0, 1, 0, 0, 1.48%, 0, 0, 1, 39.70, 57461, 972
1578, 211, 0, 1, 0, 0, 1.48%, 0, 0, 1, 44.23, 57690, 972
1583, 212, 0, 1, 0, 0, 1.48%, 0, 0, 1, 42.51, 57903, 972
1589, 213, 0, 1, 0, 0, 1.48%, 0, 0, 1, 40.59, 58115, 972
1594, 213, 0, 1, 0, 0, 1.48%, 0, 0, 1, 42.56, 58325, 972
1599, 214, 0, 1, 0, 0, 1.48%, 0, 0, 1, 43.16, 58545, 972
1604, 215, 0, 1, 0, 0, 1.48%, 0, 0, 1, 43.22, 58762, 972
1609, 216, 0, 1, 0, 0, 1.48%, 0, 0, 1, 39.25, 58958, 972
1614, 216, 0, 1, 0, 0, 1.48%, 0, 0, 1, 34.11, 59109, 972
1619, 217, 0, 1, 0, 0, 1.48%, 0, 0, 1, 39.81, 59319, 972
1624, 218, 0, 1, 0, 0, 1.48%, 0, 0, 1, 39.88, 59520, 972
1629, 218, 0, 1, 0, 0, 1.48%, 0, 0, 1, 40.24, 59726, 972
1634, 219, 0, 1, 0, 0, 1.48%, 0, 0, 1, 40.49, 59932, 972
1639, 220, 0, 1, 0, 0, 1.48%, 0, 0, 1, 39.04, 60121, 972
1645, 221, 0, 1, 0, 0, 1.48%, 0, 0, 1, 40.88, 60333, 972
1650, 222, 0, 1, 0, 0, 1.48%, 0, 0, 1, 42.19, 60550, 972
1655, 222, 0, 1, 0, 0, 1.48%, 0, 0, 1, 40.28, 60758, 972
1660, 223, 0, 1, 0, 0, 1.48%, 0, 0, 1, 46.39, 60995, 972
1665, 224, 0, 1, 0, 0, 1.48%, 0, 0, 1, 45.23, 61226, 972
1670, 225, 0, 1, 0, 0, 1.48%, 0, 0, 1, 40.70, 61437, 972
1675, 226, 0, 1, 0, 0, 1.48%, 0, 0, 1, 42.03, 61638, 972
1680, 226, 0, 1, 0, 0, 1.48%, 0, 0, 1, 37.03, 61841, 972
1685, 227, 0, 1, 0, 0, 1.48%, 0, 0, 1, 26.34, 61955, 972
1690, 227, 0, 1, 0, 0, 1.48%, 0, 0, 1, 31.68, 62110, 972
1695, 228, 0, 1, 0, 0, 1.48%, 0, 0, 1, 37.40, 62311, 972
1701, 229, 0, 1, 0, 0, 1.48%, 0, 0, 1, 38.14, 62512, 972
1706, 229, 0, 1, 0, 0, 1.48%, 0, 0, 1, 38.97, 62713, 972
1711, 230, 0, 1, 0, 0, 1.48%, 0, 0, 1, 34.42, 62889, 972
1716, 231, 0, 1, 0, 0, 1.48%, 0, 0, 1, 33.76, 63053, 972
1721, 231, 0, 1, 0, 0, 1.48%, 0, 0, 1, 39.81, 63260, 972
1726, 232, 0, 1, 0, 0, 1.48%, 0, 0, 1, 38.72, 63458, 972
1731, 233, 0, 1, 0, 0, 1.48%, 0, 0, 1, 36.92, 63650, 972
1736, 234, 0, 1, 0, 0, 1.48%, 0, 0, 1, 42.86, 63875, 972
1741, 235, 0, 1, 0, 0, 1.48%, 0, 0, 1, 43.30, 64101, 972
1747, 235, 0, 1, 0, 0, 1.48%, 0, 0, 1, 44.21, 64325, 972
1752, 236, 0, 1, 0, 0, 1.48%, 0, 0, 1, 44.76, 64558, 972
1757, 237, 0, 1, 0, 0, 1.48%, 0, 0, 1, 45.61, 64783, 972
1762, 238, 0, 1, 0, 0, 1.48%, 0, 0, 1, 47.85, 65025, 972
1767, 239, 0, 1, 0, 0, 1.48%, 0, 0, 1, 48.17, 65266, 972
1772, 240, 0, 1, 0, 0, 1.48%, 0, 0, 1, 42.44, 65487, 972
1777, 240, 0, 1, 0, 0, 1.48%, 0, 0, 1, 43.89, 65707, 972
1782, 241, 0, 1, 0, 0, 1.48%, 0, 0, 1, 39.79, 65914, 972
1787, 242, 0, 1, 0, 0, 1.48%, 0, 0, 1, 47.52, 66171, 972
1792, 243, 0, 1, 0, 0, 1.48%, 0, 0, 1, 43.71, 66393, 972
1798, 244, 0, 1, 0, 0, 1.48%, 0, 0, 1, 34.89, 66582, 972
1803, 244, 0, 1, 0, 0, 1.48%, 0, 0, 1, 34.57, 66752, 972
1808, 245, 0, 1, 0, 0, 1.48%, 0, 0, 1, 36.34, 66940, 972
1813, 246, 0, 1, 0, 0, 1.48%, 0, 0, 1, 43.35, 67162, 972
1818, 247, 0, 1, 0, 0, 1.48%, 0, 0, 1, 46.92, 67408, 972
1823, 247, 0, 1, 0, 0, 1.48%, 0, 0, 1, 45.03, 67638, 972
1828, 248, 0, 1, 0, 0, 1.48%, 0, 0, 1, 45.62, 67870, 972
1833, 249, 0, 1, 0, 0, 1.48%, 0, 0, 1, 42.07, 68087, 972
1838, 250, 0, 1, 0, 0, 1.48%, 0, 0, 1, 39.33, 68283, 972
1844, 251, 0, 1, 0, 0, 1.48%, 0, 0, 1, 39.64, 68489, 972
1849, 251, 0, 1, 0, 0, 1.48%, 0, 0, 1, 42.92, 68701, 972
1854, 252, 0, 1, 0, 0, 1.48%, 0, 0, 1, 40.82, 68914, 972
1859, 253, 0, 1, 0, 0, 1.48%, 0, 0, 1, 31.92, 69076, 972
1864, 253, 0, 1, 0, 0, 1.48%, 0, 0, 1, 35.77, 69264, 972
1869, 254, 0, 1, 0, 0, 1.48%, 0, 0, 1, 39.92, 69473, 972
1874, 255, 0, 1, 0, 0, 1.48%, 0, 0, 1, 41.67, 69688, 972
1879, 256, 0, 1, 0, 0, 1.48%, 0, 0, 1, 41.06, 69903, 972
1884, 256, 0, 1, 0, 0, 1.48%, 0, 0, 1, 33.22, 70055, 972
1889, 257, 0, 1, 0, 0, 1.48%, 0, 0, 1, 37.25, 70249, 972
1895, 258, 0, 1, 0, 0, 1.48%, 0, 0, 1, 41.24, 70469, 972
1900, 259, 0, 1, 0, 0, 1.48%, 0, 0, 1, 43.61, 70693, 972
1905, 260, 0, 1, 0, 0, 1.48%, 0, 0, 1, 47.23, 70936, 972
1910, 260, 0, 1, 0, 0, 1.48%, 0, 0, 1, 46.53, 71173, 972
1915, 261, 0, 1, 0, 0, 1.48%, 0, 0, 1, 46.84, 71407, 972
1920, 262, 0, 1, 0, 0, 1.48%, 0, 0, 1, 47.27, 71652, 972
1925, 263, 0, 1, 0, 0, 1.48%, 0, 0, 1, 43.64, 71873, 972
1930, 264, 0, 1, 0, 0, 1.48%, 0, 0, 1, 41.70, 72084, 972
1935, 264, 0, 1, 0, 0, 1.48%, 0, 0, 1, 38.42, 72277, 972
1940, 265, 0, 1, 0, 0, 1.48%, 0, 0, 1, 35.84, 72472, 972
1945, 266, 0, 1, 0, 0, 1.48%, 0, 0, 1, 35.16, 72650, 972
1950, 267, 0, 1, 0, 0, 1.48%, 0, 0, 1, 41.31, 72861, 972
1956, 267, 0, 1, 0, 0, 1.48%, 0, 0, 1, 42.10, 73080, 972
1961, 268, 0, 1, 0, 0, 1.48%, 0, 0, 1, 41.31, 73290, 972
1966, 269, 0, 1, 0, 0, 1.48%, 0, 0, 1, 40.68, 73493, 972
1971, 270, 0, 1, 0, 0, 1.48%, 0, 0, 1, 40.04, 73702, 972
1976, 270, 0, 1, 0, 0, 1.48%, 0, 0, 1, 39.95, 73903, 972
1981, 271, 0, 1, 0, 0, 1.48%, 0, 0, 1, 31.67, 74063, 972
1986, 272, 0, 1, 0, 0, 1.48%, 0, 0, 1, 35.36, 74249, 972
1991, 273, 0, 1, 0, 0, 1.48%, 0, 0, 1, 44.21, 74481, 972
1996, 273, 0, 1, 0, 0, 1.48%, 0, 0, 1, 46.86, 74721, 972
2002, 274, 0, 1, 0, 0, 1.48%, 0, 0, 1, 42.88, 74931, 972
2007, 275, 0, 1, 0, 0, 1.48%, 0, 0, 1, 43.71, 75156, 972
2012, 276, 0, 1, 0, 0, 1.48%, 0, 0, 1, 42.31, 75370, 972
2017, 277, 0, 1, 0, 0, 1.48%, 0, 0, 1, 44.20, 75593, 972
2022, 278, 0, 1, 0, 0, 1.48%, 0, 0, 1, 47.11, 75839, 972
2027, 278, 0, 1, 0, 0, 1.48%, 0, 0, 1, 46.18, 76076, 972
2032, 279, 0, 1, 0, 0, 1.48%, 0, 0, 1, 41.45, 76283, 972
2037, 280, 0, 1, 0, 0, 1.48%, 0, 0, 1, 43.66, 76512, 972
2042, 281, 0, 1, 0, 0, 1.48%, 0, 0, 1, 39.40, 76705, 972
2047, 281, 0, 1, 0, 0, 1.48%, 0, 0, 1, 42.24, 76920, 972
2053, 282, 0, 1, 0, 0, 1.48%, 0, 0, 1, 42.87, 77138, 972
2058, 283, 0, 1, 0, 0, 1.48%, 0, 0, 1, 41.61, 77341, 972
2063, 284, 0, 1, 0, 0, 1.48%, 0, 0, 1, 42.95, 77564, 972
2068, 285, 0, 1, 0, 0, 1.48%, 0, 0, 1, 35.49, 77756, 972
2073, 285, 0, 1, 0, 0, 1.48%, 0, 0, 1, 41.85, 77965, 972
2078, 286, 0, 1, 0, 0, 1.48%, 0, 0, 1, 41.14, 78184, 972
2083, 287, 0, 1, 0, 0, 1.48%, 0, 0, 1, 37.51, 78377, 972
2088, 288, 0, 1, 0, 0, 1.48%, 0, 0, 1, 40.78, 78585, 972
2093, 288, 0, 1, 0, 0, 1.48%, 0, 0, 1, 42.06, 78798, 972
2099, 289, 0, 1, 0, 0, 1.48%, 0, 0, 1, 37.92, 78988, 972
2104, 290, 0, 1, 0, 0, 1.48%, 0, 0, 1, 43.76, 79204, 972
2109, 291, 0, 1, 0, 0, 1.48%, 0, 0, 1, 42.47, 79419, 972
2114, 291, 0, 1, 0, 0, 1.48%, 0, 0, 1, 43.77, 79644, 972
2119, 292, 0, 1, 0, 0, 1.48%, 0, 0, 1, 40.58, 79847, 972
2124, 293, 0, 1, 0, 0, 1.48%, 0, 0, 1, 41.06, 80062, 972
2129, 294, 0, 1, 0, 0, 1.48%, 0, 0, 1, 37.71, 80257, 972
2134, 294, 0, 1, 0, 0, 1.48%, 0, 0, 1, 37.48, 80447, 972
2140, 295, 0, 1, 0, 0, 1.48%, 0, 0, 1, 42.03, 80668, 972
2145, 296, 0, 1, 0, 0, 1.48%, 0, 0, 1, 43.67, 80892, 972
2150, 297, 0, 1, 0, 0, 1.48%, 0, 0, 1, 41.53, 81102, 972
2155, 297, 0, 1, 0, 0, 1.48%, 0, 0, 1, 32.39, 81272, 972
2160, 298, 0, 1, 0, 0, 1.48%, 0, 0, 1, 38.87, 81474, 972
2165, 299, 0, 1, 0, 0, 1.48%, 0, 0, 1, 39.26, 81673, 972
2170, 300, 0, 1, 0, 0, 1.48%, 0, 0, 1, 41.01, 81880, 972
2175, 300, 0, 1, 0, 0, 1.48%, 0, 0, 1, 41.18, 82093, 972
2180, 301, 0, 1, 0, 0, 1.48%, 0, 0, 1, 42.48, 82310, 972
2185, 302, 0, 1, 0, 0, 1.48%, 0, 0, 1, 41.54, 82521, 972
2190, 303, 0, 1, 0, 0, 1.48%, 0, 0, 1, 41.15, 82731, 972
2195, 304, 0, 1, 0, 0, 1.48%, 0, 0, 1, 40.44, 82935, 972
2201, 304, 0, 1, 0, 0, 1.48%, 0, 0, 1, 40.46, 83138, 972
2206, 305, 0, 1, 0, 0, 1.48%, 0, 0, 1, 45.52, 83373, 972
2211, 306, 0, 1, 0, 0, 1.48%, 0, 0, 1, 47.05, 83621, 972
2216, 307, 0, 1, 0, 0, 1.48%, 0, 0, 1, 44.19, 83838, 972
2221, 308, 0, 1, 0, 0, 1.48%, 0, 0, 1, 44.98, 84070, 972
2226, 309, 0, 1, 0, 0, 1.48%, 0, 0, 1, 44.61, 84298, 972
2231, 309, 0, 1, 0, 0, 1.48%, 0, 0, 1, 47.69, 84548, 972
2236, 310, 0, 1, 0, 0, 1.48%, 0, 0, 1, 48.12, 84798, 972
2241, 311, 0, 1, 0, 0, 1.48%, 0, 0, 1, 41.09, 85008, 972
2247, 312, 0, 1, 0, 0, 1.48%, 0, 0, 1, 45.82, 85242, 972
2252, 313, 0, 1, 0, 0, 1.48%, 0, 0, 1, 46.12, 85472, 972
2257, 314, 0, 1, 0, 0, 1.48%, 0, 0, 1, 46.78, 85708, 972
2262, 315, 0, 1, 0, 0, 1.48%, 0, 0, 1, 47.38, 85952, 972
2267, 315, 0, 1, 0, 0, 1.48%, 0, 0, 1, 48.15, 86195, 972
2272, 316, 0, 1, 0, 0, 1.48%, 0, 0, 1, 47.15, 86432, 972
2277, 317, 0, 1, 0, 0, 1.48%, 0, 0, 1, 44.06, 86658, 972
2282, 318, 0, 1, 0, 0, 1.48%, 0, 0, 1, 45.31, 86881, 972
2287, 319, 0, 1, 0, 0, 1.48%, 0, 0, 1, 47.44, 87118, 972
2292, 320, 0, 1, 0, 0, 1.48%, 0, 0, 1, 47.77, 87368, 972
2297, 321, 0, 1, 0, 0, 1.48%, 0, 0, 1, 46.23, 87600, 972
2302, 321, 0, 1, 0, 0, 1.48%, 0, 0, 1, 38.46, 87796, 972
2307, 322, 0, 1, 0, 0, 1.48%, 0, 0, 1, 40.08, 87995, 972
2313, 323, 0, 1, 0, 0, 1.48%, 0, 0, 1, 45.34, 88239, 972
2318, 324, 0, 1, 0, 0, 1.48%, 0, 0, 1, 47.87, 88487, 972
2323, 325, 0, 1, 0, 0, 1.48%, 0, 0, 1, 48.00, 88730, 972
2328, 326, 0, 1, 0, 0, 1.48%, 0, 0, 1, 48.15, 88978, 972
2333, 327, 0, 1, 0, 0, 1.48%, 0, 0, 1, 47.08, 89220, 972
2338, 327, 0, 1, 0, 0, 1.48%, 0, 0, 1, 37.70, 89402, 972
2343, 328, 0, 1, 0, 0, 1.48%, 0, 0, 1, 43.77, 89630, 972
2348, 329, 0, 1, 0, 0, 1.48%, 0, 0, 1, 47.25, 89873, 972
2353, 330, 0, 1, 0, 0, 1.48%, 0, 0, 1, 47.13, 90111, 972
2358, 331, 0, 1, 0, 0, 1.48%, 0, 0, 1, 48.31, 90355, 972
2363, 332, 0, 1, 0, 0, 1.48%, 0, 0, 1, 48.24, 90596, 972
2368, 332, 0, 1, 0, 0, 1.48%, 0, 0, 1, 47.48, 90832, 972
2374, 333, 0, 1, 0, 0, 1.48%, 0, 0, 1, 47.40, 91081, 972
2379, 334, 0, 1, 0, 0, 1.48%, 0, 0, 1, 48.49, 91334, 972
2384, 335, 0, 1, 0, 0, 1.48%, 0, 0, 1, 47.27, 91569, 972
2389, 336, 0, 1, 0, 0, 1.48%, 0, 0, 1, 48.64, 91815, 972
2394, 337, 0, 1, 0, 0, 1.48%, 0, 0, 1, 48.20, 92057, 972
2399, 338, 0, 1, 0, 0, 1.48%, 0, 0, 1, 45.89, 92279, 972
2404, 339, 0, 1, 0, 0, 1.48%, 0, 0, 1, 46.91, 92515, 972
2409, 340, 0, 1, 0, 0, 1.48%, 0, 0, 1, 47.54, 92761, 972
2414, 340, 0, 1, 0, 0, 1.48%, 0, 0, 1, 47.74, 93007, 972
2419, 341, 0, 1, 0, 0, 1.48%, 0, 0, 1, 49.09, 93257, 972
2425, 342, 0, 1, 0, 0, 1.48%, 0, 0, 1, 39.43, 93452, 972
2430, 343, 0, 1, 0, 0, 1.48%, 0, 0, 1, 46.30, 93701, 972
2435, 344, 0, 1, 0, 0, 1.48%, 0, 0, 1, 47.54, 93942, 972
2440, 345, 0, 1, 0, 0, 1.48%, 0, 0, 1, 46.24, 94180, 972
2445, 346, 0, 1, 0, 0, 1.48%, 0, 0, 1, 43.57, 94402, 972
2450, 346, 0, 1, 0, 0, 1.48%, 0, 0, 1, 44.95, 94626, 972
2455, 347, 0, 1, 0, 0, 1.48%, 0, 0, 1, 45.85, 94859, 972
2460, 348, 0, 1, 0, 0, 1.48%, 0, 0, 1, 47.08, 95096, 972
2465, 349, 0, 1, 0, 0, 1.48%, 0, 0, 1, 41.42, 95304, 972
2470, 350, 0, 1, 0, 0, 1.48%, 0, 0, 1, 45.97, 95541, 972
2475, 351, 0, 1, 0, 0, 1.48%, 0, 0, 1, 45.80, 95770, 972
2480, 351, 0, 1, 0, 0, 1.48%, 0, 0, 1, 46.54, 96006, 972
2486, 352, 0, 1, 0, 0, 1.48%, 0, 0, 1, 42.76, 96214, 972
2491, 353, 0, 1, 0, 0, 1.48%, 0, 0, 1, 46.11, 96449, 972
2496, 354, 0, 1, 0, 0, 1.48%, 0, 0, 1, 47.64, 96692, 972
2501, 355, 0, 1, 0, 0, 1.48%, 0, 0, 1, 47.81, 96929, 972
2506, 356, 0, 1, 0, 0, 1.48%, 0, 0, 1, 47.87, 97171, 972
2511, 357, 0, 1, 0, 0, 1.48%, 0, 0, 1, 47.45, 97412, 972
2516, 357, 0, 1, 0, 0, 1.48%, 0, 0, 1, 48.13, 97654, 972
2521, 358, 0, 1, 0, 0, 1.48%, 0, 0, 1, 47.80, 97896, 972
2526, 359, 0, 1, 0, 0, 1.48%, 0, 0, 1, 37.73, 98064, 972
2531, 360, 0, 1, 0, 0, 1.48%, 0, 0, 1, 44.67, 98300, 972
2536, 361, 0, 1, 0, 0, 1.48%, 0, 0, 1, 46.43, 98536, 972
2541, 362, 0, 1, 0, 0, 1.48%, 0, 0, 1, 46.78, 98770, 972
2546, 362, 0, 1, 0, 0, 1.48%, 0, 0, 1, 46.52, 99003, 972
2551, 363, 0, 1, 0, 0, 1.48%, 0, 0, 1, 46.04, 99244, 972
2557, 364, 0, 1, 0, 0, 1.48%, 0, 0, 1, 45.31, 99475, 972
2562, 365, 0, 1, 0, 0, 1.48%, 0, 0, 1, 47.34, 99713, 972
2567, 366, 0, 1, 0, 0, 1.48%, 0, 0, 1, 47.21, 99959, 972
2572, 367, 0, 1, 0, 0, 1.48%, 0, 0, 1, 46.43, 100191, 972
2577, 368, 0, 1, 0, 0, 1.48%, 0, 0, 1, 47.10, 100430, 972
2582, 368, 0, 1, 0, 0, 1.48%, 0, 0, 1, 43.66, 100656, 972
2587, 369, 0, 1, 0, 0, 1.48%, 0, 0, 1, 45.56, 100880, 972
2592, 370, 0, 1, 0, 0, 1.48%, 0, 0, 1, 47.05, 101124, 972
2597, 371, 0, 1, 0, 0, 1.48%, 0, 0, 1, 47.71, 101364, 972
2602, 372, 0, 1, 0, 0, 1.48%, 0, 0, 1, 37.86, 101555, 972
2607, 373, 0, 1, 0, 0, 1.48%, 0, 0, 1, 44.66, 101785, 972
2613, 373, 0, 1, 0, 0, 1.48%, 0, 0, 1, 47.28, 102036, 972
2618, 374, 0, 1, 0, 0, 1.48%, 0, 0, 1, 45.98, 102270, 972
2623, 375, 0, 1, 0, 0, 1.48%, 0, 0, 1, 48.24, 102518, 972
2628, 376, 0, 1, 0, 0, 1.48%, 0, 0, 1, 47.82, 102759, 972
2633, 377, 0, 1, 0, 0, 1.48%, 0, 0, 1, 46.93, 102996, 972
2638, 378, 0, 1, 0, 0, 1.48%, 0, 0, 1, 48.71, 103242, 972
2643, 379, 0, 1, 0, 0, 1.48%, 0, 0, 1, 48.00, 103486, 972
2648, 380, 0, 1, 0, 0, 1.48%, 0, 0, 1, 47.06, 103721, 972
2653, 381, 0, 1, 0, 0, 1.48%, 0, 0, 1, 47.57, 103964, 972
2658, 381, 0, 1, 0, 0, 1.48%, 0, 0, 1, 47.59, 104204, 972
2663, 382, 0, 1, 0, 0, 1.48%, 0, 0, 1, 44.54, 104423, 972
2668, 383, 0, 1, 0, 0, 1.48%, 0, 0, 1, 47.69, 104668, 972
2673, 384, 0, 1, 0, 0, 1.48%, 0, 0, 1, 49.04, 104917, 972
2679, 385, 0, 1, 0, 0, 1.48%, 0, 0, 1, 49.04, 105166, 972
2684, 386, 0, 1, 0, 0, 1.48%, 0, 0, 1, 47.99, 105410, 972
2689, 387, 0, 1, 0, 0, 1.48%, 0, 0, 1, 48.80, 105658, 972
2694, 387, 0, 1, 0, 0, 1.48%, 0, 0, 1, 38.34, 105859, 972
2699, 388, 0, 1, 0, 0, 1.48%, 0, 0, 1, 43.57, 106078, 972
2704, 389, 0, 1, 0, 0, 1.48%, 0, 0, 1, 46.57, 106319, 972
2709, 390, 0, 1, 0, 0, 1.48%, 0, 0, 1, 47.90, 106562, 972
2714, 391, 0, 1, 0, 0, 1.48%, 0, 0, 1, 48.32, 106806, 972
2719, 392, 0, 1, 0, 0, 1.48%, 0, 0, 1, 48.07, 107051, 972
2724, 393, 0, 1, 0, 0, 1.48%, 0, 0, 1, 48.21, 107293, 972
2729, 394, 0, 1, 0, 0, 1.48%, 0, 0, 1, 48.66, 107536, 972
2734, 395, 0, 1, 0, 0, 1.48%, 0, 0, 1, 47.42, 107779, 972
2739, 395, 0, 1, 0, 0, 1.48%, 0, 0, 1, 48.29, 108023, 972
2744, 396, 0, 1, 0, 0, 1.48%, 0, 0, 1, 47.16, 108261, 972
2749, 397, 0, 1, 0, 0, 1.48%, 0, 0, 1, 44.71, 108481, 972
2754, 398, 0, 1, 0, 0, 1.48%, 0, 0, 1, 42.08, 108699, 972
2759, 399, 0, 1, 0, 0, 1.48%, 0, 0, 1, 46.30, 108937, 972
2764, 400, 0, 1, 0, 0, 1.48%, 0, 0, 1, 47.92, 109180, 972
2769, 401, 0, 1, 0, 0, 1.48%, 0, 0, 1, 48.38, 109425, 972
2774, 401, 0, 1, 0, 0, 1.48%, 0, 0, 1, 47.45, 109664, 972
2779, 402, 0, 1, 0, 0, 1.48%, 0, 0, 1, 47.26, 109901, 972
2785, 403, 0, 1, 0, 0, 1.48%, 0, 0, 1, 37.20, 110092, 972
2790, 404, 0, 1, 0, 0, 1.48%, 0, 0, 1, 44.61, 110327, 972
2795, 405, 0, 1, 0, 0, 1.48%, 0, 0, 1, 45.69, 110560, 972
2800, 406, 0, 1, 0, 0, 1.48%, 0, 0, 1, 47.91, 110805, 972
2805, 406, 0, 1, 0, 0, 1.48%, 0, 0, 1, 47.81, 111043, 972
2810, 407, 0, 1, 0, 0, 1.48%, 0, 0, 1, 47.56, 111283, 972
2815, 408, 0, 1, 0, 0, 1.48%, 0, 0, 1, 48.18, 111528, 972
2820, 409, 0, 1, 0, 0, 1.48%, 0, 0, 1, 46.70, 111767, 972
2825, 410, 0, 1, 0, 0, 1.48%, 0, 0, 1, 47.04, 112010, 972
2830, 411, 0, 1, 0, 0, 1.48%, 0, 0, 1, 49.04, 112258, 972
2835, 412, 0, 1, 0, 0, 1.48%, 0, 0, 1, 49.03, 112513, 972
2841, 413, 0, 1, 0, 0, 1.48%, 0, 0, 1, 48.83, 112758, 972
2846, 413, 0, 1, 0, 0, 1.48%, 0, 0, 1, 41.54, 112958, 972
2851, 414, 0, 1, 0, 0, 1.48%, 0, 0, 1, 47.19, 113204, 972
2856, 415, 0, 1, 0, 0, 1.48%, 0, 0, 1, 49.39, 113455, 972
2861, 416, 0, 1, 0, 0, 1.48%, 0, 0, 1, 49.03, 113707, 972
2866, 417, 0, 1, 0, 0, 1.48%, 0, 0, 1, 49.84, 113959, 972
2871, 418, 0, 1, 0, 0, 1.48%, 0, 0, 1, 47.40, 114197, 972
2876, 419, 0, 1, 0, 0, 1.48%, 0, 0, 1, 39.24, 114391, 972
2881, 420, 0, 1, 0, 0, 1.48%, 0, 0, 1, 45.78, 114639, 972
2886, 421, 0, 1, 0, 0, 1.48%, 0, 0, 1, 47.12, 114878, 972
2891, 421, 0, 1, 0, 0, 1.48%, 0, 0, 1, 47.30, 115115, 972
2896, 422, 0, 1, 0, 0, 1.48%, 0, 0, 1, 48.96, 115364, 972
2902, 423, 0, 1, 0, 0, 1.48%, 0, 0, 1, 48.94, 115611, 972
2907, 424, 0, 1, 0, 0, 1.48%, 0, 0, 1, 46.98, 115845, 972
2912, 425, 0, 1, 0, 0, 1.48%, 0, 0, 1, 48.50, 116098, 972
2917, 426, 0, 1, 0, 0, 1.48%, 0, 0, 1, 48.50, 116340, 972
2922, 427, 0, 1, 0, 0, 1.48%, 0, 0, 1, 48.00, 116582, 972
2927, 428, 0, 1, 0, 0, 1.48%, 0, 0, 1, 48.45, 116824, 972
2932, 429, 0, 1, 0, 0, 1.48%, 0, 0, 1, 48.70, 117069, 972
2937, 429, 0, 1, 0, 0, 1.48%, 0, 0, 1, 44.35, 117287, 972
2942, 430, 0, 1, 0, 0, 1.48%, 0, 0, 1, 47.28, 117527, 972
2947, 431, 0, 1, 0, 0, 1.48%, 0, 0, 1, 47.48, 117776, 972
2952, 432, 0, 1, 0, 0, 1.48%, 0, 0, 1, 48.10, 118020, 972
2957, 433, 0, 1, 0, 0, 1.48%, 0, 0, 1, 49.20, 118268, 972
2963, 434, 0, 1, 0, 0, 1.48%, 0, 0, 1, 49.27, 118523, 972
2968, 435, 0, 1, 0, 0, 1.48%, 0, 0, 1, 48.60, 118769, 972
2973, 436, 0, 1, 0, 0, 1.48%, 0, 0, 1, 47.52, 119006, 972
2978, 436, 0, 1, 0, 0, 1.48%, 0, 0, 1, 38.72, 119190, 972
2983, 437, 0, 1, 0, 0, 1.48%, 0, 0, 1, 44.30, 119413, 972
2988, 438, 0, 1, 0, 0, 1.48%, 0, 0, 1, 47.97, 119655, 972
2993, 439, 0, 1, 0, 0, 1.48%, 0, 0, 1, 49.24, 119901, 972
2998, 440, 0, 1, 0, 0, 1.48%, 0, 0, 1, 48.06, 120141, 972
3003, 441, 0, 1, 0, 0, 1.48%, 0, 0, 1, 48.59, 120386, 972
3008, 442, 0, 1, 0, 0, 1.48%, 0, 0, 1, 47.54, 120625, 972
3013, 442, 0, 1, 0, 0, 1.48%, 0, 0, 1, 47.29, 120864, 972
3018, 443, 0, 1, 0, 0, 1.48%, 0, 0, 1, 48.36, 121108, 972
3023, 444, 0, 1, 0, 0, 1.48%, 0, 0, 1, 48.97, 121361, 972
3028, 445, 0, 1, 0, 0, 1.48%, 0, 0, 1, 48.75, 121613, 972
3033, 446, 0, 1, 0, 0, 1.48%, 0, 0, 1, 48.17, 121857, 972
3038, 447, 0, 1, 0, 0, 1.48%, 0, 0, 1, 44.29, 122066, 972
3043, 448, 0, 1, 0, 0, 1.48%, 0, 0, 1, 47.39, 122307, 972
3048, 449, 0, 1, 0, 0, 1.48%, 0, 0, 1, 49.01, 122554, 972
3054, 450, 0, 1, 0, 0, 1.48%, 0, 0, 1, 49.48, 122809, 972
3059, 450, 0, 1, 0, 0, 1.48%, 0, 0, 1, 46.20, 123046, 972
3064, 451, 0, 1, 0, 0, 1.48%, 0, 0, 1, 42.84, 123248, 972
3069, 452, 0, 1, 0, 0, 1.48%, 0, 0, 1, 46.98, 123494, 972
3074, 453, 0, 1, 0, 0, 1.48%, 0, 0, 1, 48.05, 123744, 972
3079, 454, 0, 1, 0, 0, 1.48%, 0, 0, 1, 48.29, 123994, 972
3084, 455, 0, 1, 0, 0, 1.48%, 0, 0, 1, 49.54, 124248, 972
3089, 456, 0, 1, 0, 0, 1.48%, 0, 0, 1, 46.55, 124480, 972
3095, 457, 0, 1, 0, 0, 1.48%, 0, 0, 1, 46.85, 124726, 972
3100, 457, 0, 1, 0, 0, 1.48%, 0, 0, 1, 47.52, 124968, 972
3105, 458, 0, 1, 0, 0, 1.48%, 0, 0, 1, 38.12, 125178, 972
3110, 459, 0, 1, 0, 0, 1.48%, 0, 0, 1, 43.19, 125383, 972
3115, 460, 0, 1, 0, 0, 1.48%, 0, 0, 1, 48.39, 125636, 972
3120, 461, 0, 1, 0, 0, 1.48%, 0, 0, 1, 43.46, 125869, 972
3125, 462, 0, 1, 0, 0, 1.48%, 0, 0, 1, 44.12, 126095, 972
3131, 463, 0, 1, 0, 0, 1.48%, 0, 0, 1, 49.25, 126354, 972
3136, 463, 0, 1, 0, 0, 1.48%, 0, 0, 1, 49.58, 126605, 972
3141, 464, 0, 1, 0, 0, 1.48%, 0, 0, 1, 47.74, 126854, 972
3146, 465, 0, 1, 0, 0, 1.48%, 0, 0, 1, 40.76, 127057, 972
3151, 466, 0, 1, 0, 0, 1.48%, 0, 0, 1, 47.49, 127304, 972
3156, 467, 0, 1, 0, 0, 1.48%, 0, 0, 1, 47.29, 127543, 972
3161, 468, 0, 1, 0, 0, 1.48%, 0, 0, 1, 47.62, 127783, 972
3166, 469, 0, 1, 0, 0, 1.48%, 0, 0, 1, 48.30, 128033, 972
3171, 470, 0, 1, 0, 0, 1.48%, 0, 0, 1, 47.58, 128280, 972
3176, 470, 0, 1, 0, 0, 1.48%, 0, 0, 1, 46.48, 128515, 972
3181, 471, 0, 1, 0, 0, 1.48%, 0, 0, 1, 44.87, 128736, 972
3186, 472, 0, 1, 0, 0, 1.48%, 0, 0, 1, 48.51, 128986, 972
3191, 473, 0, 1, 0, 0, 1.48%, 0, 0, 1, 48.30, 129232, 972
3197, 474, 0, 1, 0, 0, 1.48%, 0, 0, 1, 49.49, 129491, 972
3202, 475, 0, 1, 0, 0, 1.48%, 0, 0, 1, 48.41, 129741, 972
3207, 476, 0, 1, 0, 0, 1.48%, 0, 0, 1, 45.39, 129964, 972
3212, 477, 0, 1, 0, 0, 1.48%, 0, 0, 1, 46.90, 130204, 972
3217, 478, 0, 1, 0, 0, 1.48%, 0, 0, 1, 47.95, 130448, 972
3222, 478, 0, 1, 0, 0, 1.48%, 0, 0, 1, 48.27, 130695, 972
3227, 479, 0, 1, 0, 0, 1.48%, 0, 0, 1, 49.90, 130949, 972
3232, 480, 0, 1, 0, 0, 1.48%, 0, 0, 1, 46.74, 131179, 972
3237, 481, 0, 1, 0, 0, 1.48%, 0, 0, 1, 42.75, 131381, 972
3243, 482, 0, 1, 0, 0, 1.48%, 0, 0, 1, 45.63, 131617, 972
3248, 483, 0, 1, 0, 0, 1.48%, 0, 0, 1, 46.99, 131853, 972
3253, 484, 0, 1, 0, 0, 1.48%, 0, 0, 1, 46.58, 132088, 972
3258, 484, 0, 1, 0, 0, 1.48%, 0, 0, 1, 47.04, 132334, 972
3263, 485, 0, 1, 0, 0, 1.48%, 0, 0, 1, 47.13, 132580, 972
3268, 486, 0, 1, 0, 0, 1.48%, 0, 0, 1, 47.04, 132815, 972
3273, 487, 0, 1, 0, 0, 1.48%, 0, 0, 1, 48.73, 133060, 972
3278, 488, 0, 1, 0, 0, 1.48%, 0, 0, 1, 48.78, 133306, 972
3283, 489, 0, 1, 0, 0, 1.48%, 0, 0, 1, 47.95, 133549, 972
3288, 490, 0, 1, 0, 0, 1.48%, 0, 0, 1, 48.42, 133797, 972
3293, 491, 0, 1, 0, 0, 1.48%, 0, 0, 1, 48.69, 134043, 972
3298, 492, 0, 1, 0, 0, 1.48%, 0, 0, 1, 46.85, 134268, 972
3304, 492, 0, 1, 0, 0, 1.48%, 0, 0, 1, 48.11, 134518, 972
3309, 493, 0, 1, 0, 0, 1.48%, 0, 0, 1, 49.06, 134768, 972
3314, 494, 0, 1, 0, 0, 1.48%, 0, 0, 1, 49.54, 135021, 972
3319, 495, 0, 1, 0, 0, 1.48%, 0, 0, 1, 48.81, 135267, 972
3324, 496, 0, 1, 0, 0, 1.48%, 0, 0, 1, 48.23, 135514, 972
3329, 497, 0, 1, 0, 0, 1.48%, 0, 0, 1, 49.46, 135768, 972
3334, 498, 0, 1, 0, 0, 1.48%, 0, 0, 1, 40.84, 135980, 972
3339, 499, 0, 1, 0, 0, 1.48%, 0, 0, 1, 44.00, 136194, 972
3344, 499, 0, 1, 0, 0, 1.48%, 0, 0, 1, 46.59, 136432, 972
3349, 500, 0, 1, 0, 0, 1.48%, 0, 0, 1, 47.30, 136679, 972
3355, 501, 0, 1, 0, 0, 1.48%, 0, 0, 1, 46.64, 136912, 972
3360, 502, 0, 1, 0, 0, 1.48%, 0, 0, 1, 46.36, 137156, 972
3365, 503, 0, 1, 0, 0, 1.48%, 0, 0, 1, 46.04, 137400, 972
3370, 504, 0, 1, 0, 0, 1.48%, 0, 0, 1, 44.77, 137628, 972
3375, 505, 0, 1, 0, 0, 1.48%, 0, 0, 1, 48.33, 137879, 972
3380, 506, 0, 1, 0, 0, 1.48%, 0, 0, 1, 48.99, 138128, 972
3385, 507, 0, 1, 0, 0, 1.48%, 0, 0, 1, 50.78, 138388, 972
3390, 508, 0, 1, 0, 0, 1.48%, 0, 0, 1, 51.04, 138648, 972
3396, 508, 0, 1, 0, 0, 1.48%, 0, 0, 1, 44.70, 138879, 972
3401, 509, 0, 1, 0, 0, 1.48%, 0, 0, 1, 50.05, 139140, 972
3406, 510, 0, 1, 0, 0, 1.48%, 0, 0, 1, 49.31, 139394, 972
4407, 511, 0, 1, 0, 0, 1.48%, 0, 0, 1, 0.01, 139635, 972
4408, 511, 0, 1, 0, 0, 1.48%, 0, 0, 1, 0.00, 139666, 972
