# relative_time, cycles_done, cur_item, corpus_count, pending_total, pending_favs, map_size, saved_crashes, saved_hangs, max_depth, execs_per_sec, total_execs, edges_found
61, 0, 3, 4, 0, 0, 1.62%, 0, 0, 1, 16.16, 1006, 1062
66, 0, 3, 4, 0, 0, 1.62%, 0, 0, 1, 15.63, 1086, 1062
71, 0, 3, 4, 0, 0, 1.62%, 0, 0, 1, 15.18, 1165, 1062
76, 0, 3, 4, 0, 0, 1.62%, 0, 0, 1, 16.38, 1250, 1062
81, 0, 3, 4, 0, 0, 1.62%, 0, 0, 1, 13.02, 1307, 1062
86, 1, 3, 4, 0, 0, 1.62%, 0, 0, 1, 13.67, 1383, 1062
91, 1, 3, 4, 0, 0, 1.62%, 0, 0, 1, 13.96, 1455, 1062
96, 1, 3, 4, 0, 0, 1.62%, 0, 0, 1, 13.90, 1520, 1062
101, 1, 3, 4, 0, 0, 1.62%, 0, 0, 1, 15.78, 1604, 1062
106, 1, 3, 4, 0, 0, 1.62%, 0, 0, 1, 16.44, 1689, 1062
112, 1, 3, 4, 0, 0, 1.62%, 0, 0, 1, 16.56, 1775, 1062
117, 1, 3, 4, 0, 0, 1.62%, 0, 0, 1, 15.99, 1856, 1062
122, 1, 3, 4, 0, 0, 1.62%, 0, 0, 1, 16.31, 1941, 1062
127, 1, 3, 4, 0, 0, 1.62%, 0, 0, 1, 15.26, 2020, 1062
132, 1, 3, 4, 0, 0, 1.62%, 0, 0, 1, 14.32, 2092, 1062
137, 1, 3, 4, 0, 0, 1.62%, 0, 0, 1, 15.15, 2167, 1062
142, 1, 3, 4, 0, 0, 1.62%, 0, 0, 1, 15.99, 2250, 1062
147, 1, 3, 4, 0, 0, 1.62%, 0, 0, 1, 14.53, 2324, 1062
153, 1, 3, 4, 0, 0, 1.62%, 0, 0, 1, 15.30, 2404, 1062
158, 1, 3, 4, 0, 0, 1.62%, 0, 0, 1, 14.45, 2473, 1062
163, 1, 3, 4, 0, 0, 1.62%, 0, 0, 1, 11.20, 2539, 1062
168, 1, 3, 4, 0, 0, 1.62%, 0, 0, 1, 12.63, 2610, 1062
173, 1, 3, 4, 0, 0, 1.62%, 0, 0, 1, 12.80, 2672, 1062
178, 2, 3, 4, 0, 0, 1.62%, 0, 0, 1, 10.63, 2727, 1062
184, 2, 3, 4, 0, 0, 1.62%, 0, 0, 1, 10.56, 2782, 1062
189, 2, 3, 4, 0, 0, 1.62%, 0, 0, 1, 10.77, 2836, 1062
194, 2, 3, 4, 0, 0, 1.62%, 0, 0, 1, 11.56, 2897, 1062
199, 2, 3, 4, 0, 0, 1.62%, 0, 0, 1, 11.51, 2956, 1062
204, 2, 3, 4, 0, 0, 1.62%, 0, 0, 1, 10.47, 3010, 1062
209, 2, 3, 4, 0, 0, 1.62%, 0, 0, 1, 10.43, 3062, 1062
214, 2, 3, 4, 0, 0, 1.62%, 0, 0, 1, 11.13, 3119, 1062
219, 2, 3, 4, 0, 0, 1.62%, 0, 0, 1, 10.92, 3176, 1062
224, 2, 3, 4, 0, 0, 1.62%, 0, 0, 1, 10.93, 3232, 1062
230, 2, 3, 4, 0, 0, 1.62%, 0, 0, 1, 13.65, 3302, 1062
235, 2, 3, 4, 0, 0, 1.62%, 0, 0, 1, 15.54, 3383, 1062
240, 2, 3, 4, 0, 0, 1.62%, 0, 0, 1, 16.02, 3464, 1062
245, 2, 3, 4, 0, 0, 1.62%, 0, 0, 1, 16.15, 3546, 1062
250, 2, 3, 4, 0, 0, 1.62%, 0, 0, 1, 13.33, 3609, 1062
255, 2, 3, 4, 0, 0, 1.62%, 0, 0, 1, 16.82, 3700, 1062
260, 2, 3, 4, 0, 0, 1.62%, 0, 0, 1, 17.77, 3791, 1062
265, 2, 3, 4, 0, 0, 1.62%, 0, 0, 1, 18.15, 3883, 1062
270, 2, 3, 4, 0, 0, 1.62%, 0, 0, 1, 18.06, 3975, 1062
276, 3, 3, 4, 0, 0, 1.62%, 0, 0, 1, 17.44, 4065, 1062
281, 3, 3, 4, 0, 0, 1.62%, 0, 0, 1, 14.69, 4139, 1062
286, 3, 3, 4, 0, 0, 1.62%, 0, 0, 1, 14.20, 4207, 1062
291, 3, 3, 4, 0, 0, 1.62%, 0, 0, 1, 17.14, 4299, 1062
296, 3, 3, 4, 0, 0, 1.62%, 0, 0, 1, 17.88, 4391, 1062
301, 3, 3, 4, 0, 0, 1.62%, 0, 0, 1, 17.92, 4482, 1062
306, 3, 3, 4, 0, 0, 1.62%, 0, 0, 1, 17.91, 4573, 1062
311, 3, 3, 4, 0, 0, 1.62%, 0, 0, 1, 12.33, 4627, 1062
316, 3, 3, 4, 0, 0, 1.62%, 0, 0, 1, 14.40, 4702, 1062
322, 3, 3, 4, 0, 0, 1.62%, 0, 0, 1, 14.83, 4778, 1062
327, 3, 3, 4, 0, 0, 1.62%, 0, 0, 1, 15.38, 4860, 1062
332, 3, 3, 4, 0, 0, 1.62%, 0, 0, 1, 15.31, 4940, 1062
337, 3, 3, 4, 0, 0, 1.62%, 0, 0, 1, 14.82, 5019, 1062
342, 3, 3, 4, 0, 0, 1.62%, 0, 0, 1, 13.65, 5089, 1062
347, 3, 3, 4, 0, 0, 1.62%, 0, 0, 1, 14.66, 5163, 1062
353, 3, 3, 4, 0, 0, 1.62%, 0, 0, 1, 13.56, 5228, 1062
358, 3, 3, 4, 0, 0, 1.62%, 0, 0, 1, 12.15, 5291, 1062
363, 3, 3, 4, 0, 0, 1.62%, 0, 0, 1, 11.62, 5353, 1062
368, 4, 3, 4, 0, 0, 1.62%, 0, 0, 1, 11.23, 5411, 1062
373, 4, 3, 4, 0, 0, 1.62%, 0, 0, 1, 11.18, 5470, 1062
378, 4, 3, 4, 0, 0, 1.62%, 0, 0, 1, 11.40, 5527, 1062
383, 4, 3, 4, 0, 0, 1.62%, 0, 0, 1, 12.88, 5597, 1062
388, 4, 3, 4, 0, 0, 1.62%, 0, 0, 1, 12.93, 5658, 1062
394, 4, 3, 4, 0, 0, 1.62%, 0, 0, 1, 11.88, 5718, 1062
399, 4, 3, 4, 0, 0, 1.62%, 0, 0, 1, 12.21, 5783, 1062
404, 4, 3, 4, 0, 0, 1.62%, 0, 0, 1, 14.23, 5856, 1062
409, 4, 3, 4, 0, 0, 1.62%, 0, 0, 1, 16.80, 5947, 1062
414, 4, 3, 4, 0, 0, 1.62%, 0, 0, 1, 17.65, 6039, 1062
419, 4, 3, 4, 0, 0, 1.62%, 0, 0, 1, 17.65, 6131, 1062
425, 4, 3, 4, 0, 0, 1.62%, 0, 0, 1, 17.66, 6222, 1062
430, 4, 3, 4, 0, 0, 1.62%, 0, 0, 1, 17.68, 6312, 1062
435, 4, 3, 4, 0, 0, 1.62%, 0, 0, 1, 15.91, 6392, 1062
440, 4, 3, 4, 0, 0, 1.62%, 0, 0, 1, 13.12, 6462, 1062
445, 4, 3, 4, 0, 0, 1.62%, 0, 0, 1, 13.32, 6528, 1062
450, 4, 3, 4, 0, 0, 1.62%, 0, 0, 1, 13.16, 6597, 1062
456, 4, 3, 4, 0, 0, 1.62%, 0, 0, 1, 10.65, 6645, 1062
461, 4, 3, 4, 0, 0, 1.62%, 0, 0, 1, 12.31, 6709, 1062
466, 5, 3, 4, 0, 0, 1.62%, 0, 0, 1, 13.89, 6783, 1062
471, 5, 3, 4, 0, 0, 1.62%, 0, 0, 1, 13.61, 6849, 1062
476, 5, 3, 4, 0, 0, 1.62%, 0, 0, 1, 14.46, 6929, 1062
481, 5, 3, 4, 0, 0, 1.62%, 0, 0, 1, 14.08, 6995, 1062
486, 5, 3, 4, 0, 0, 1.62%, 0, 0, 1, 12.32, 7055, 1062
491, 5, 3, 4, 0, 0, 1.62%, 0, 0, 1, 11.36, 7111, 1062
496, 5, 3, 4, 0, 0, 1.62%, 0, 0, 1, 12.44, 7170, 1062
502, 5, 3, 4, 0, 0, 1.62%, 0, 0, 1, 11.69, 7230, 1062
507, 5, 3, 4, 0, 0, 1.62%, 0, 0, 1, 10.79, 7284, 1062
512, 5, 3, 4, 0, 0, 1.62%, 0, 0, 1, 9.53, 7333, 1062
517, 5, 3, 4, 0, 0, 1.62%, 0, 0, 1, 10.48, 7385, 1062
522, 5, 3, 4, 0, 0, 1.62%, 0, 0, 1, 12.88, 7454, 1062
527, 5, 3, 4, 0, 0, 1.62%, 0, 0, 1, 13.79, 7526, 1062
532, 5, 3, 4, 0, 0, 1.62%, 0, 0, 1, 11.84, 7583, 1062
537, 5, 3, 4, 0, 0, 1.62%, 0, 0, 1, 11.79, 7643, 1062
543, 5, 3, 4, 0, 0, 1.62%, 0, 0, 1, 11.84, 7705, 1062
548, 5, 3, 4, 0, 0, 1.62%, 0, 0, 1, 9.77, 7754, 1062
553, 5, 3, 4, 0, 0, 1.62%, 0, 0, 1, 9.17, 7801, 1062
558, 5, 3, 4, 0, 0, 1.62%, 0, 0, 1, 7.51, 7838, 1062
563, 5, 3, 4, 0, 0, 1.62%, 0, 0, 1, 6.75, 7872, 1062
568, 5, 3, 4, 0, 0, 1.62%, 0, 0, 1, 6.31, 7902, 1062
574, 5, 3, 4, 0, 0, 1.62%, 0, 0, 1, 7.10, 7941, 1062
579, 5, 3, 4, 0, 0, 1.62%, 0, 0, 1, 6.84, 7975, 1062
584, 5, 3, 4, 0, 0, 1.62%, 0, 0, 1, 8.97, 8024, 1062
589, 5, 3, 4, 0, 0, 1.62%, 0, 0, 1, 8.79, 8066, 1062
594, 6, 3, 4, 0, 0, 1.62%, 0, 0, 1, 8.29, 8105, 1062
599, 6, 3, 4, 0, 0, 1.62%, 0, 0, 1, 10.71, 8166, 1062
604, 6, 3, 4, 0, 0, 1.62%, 0, 0, 1, 9.64, 8215, 1062
609, 6, 3, 4, 0, 0, 1.62%, 0, 0, 1, 7.63, 8249, 1062
615, 6, 3, 4, 0, 0, 1.62%, 0, 0, 1, 7.11, 8284, 1062
620, 6, 3, 4, 0, 0, 1.62%, 0, 0, 1, 9.58, 8334, 1062
625, 6, 3, 4, 0, 0, 1.62%, 0, 0, 1, 10.36, 8391, 1062
630, 6, 3, 4, 0, 0, 1.62%, 0, 0, 1, 9.56, 8439, 1062
635, 6, 3, 4, 0, 0, 1.62%, 0, 0, 1, 8.63, 8481, 1062
640, 6, 3, 4, 0, 0, 1.62%, 0, 0, 1, 8.58, 8523, 1062
646, 6, 3, 4, 0, 0, 1.62%, 0, 0, 1, 8.10, 8565, 1062
651, 6, 3, 4, 0, 0, 1.62%, 0, 0, 1, 9.35, 8609, 1062
656, 6, 3, 4, 0, 0, 1.62%, 0, 0, 1, 10.20, 8663, 1062
661, 6, 3, 4, 0, 0, 1.62%, 0, 0, 1, 10.59, 8724, 1062
666, 6, 3, 4, 0, 0, 1.62%, 0, 0, 1, 8.47, 8762, 1062
671, 6, 3, 4, 0, 0, 1.62%, 0, 0, 1, 9.79, 8811, 1062
676, 6, 3, 4, 0, 0, 1.62%, 0, 0, 1, 9.89, 8862, 1062
682, 6, 3, 4, 0, 0, 1.62%, 0, 0, 1, 10.07, 8912, 1062
687, 6, 3, 4, 0, 0, 1.62%, 0, 0, 1, 9.87, 8963, 1062
692, 6, 3, 4, 0, 0, 1.62%, 0, 0, 1, 8.51, 9006, 1062
697, 6, 3, 4, 0, 0, 1.62%, 0, 0, 1, 10.58, 9062, 1062
702, 6, 3, 4, 0, 0, 1.62%, 0, 0, 1, 9.17, 9106, 1062
707, 6, 3, 4, 0, 0, 1.62%, 0, 0, 1, 12.63, 9177, 1062
713, 6, 3, 4, 0, 0, 1.62%, 0, 0, 1, 9.73, 9222, 1062
718, 6, 3, 4, 0, 0, 1.62%, 0, 0, 1, 9.37, 9270, 1062
723, 6, 3, 4, 0, 0, 1.62%, 0, 0, 1, 9.40, 9316, 1062
728, 6, 3, 4, 0, 0, 1.62%, 0, 0, 1, 9.73, 9365, 1062
733, 6, 3, 4, 0, 0, 1.62%, 0, 0, 1, 9.67, 9414, 1062
738, 7, 3, 4, 0, 0, 1.62%, 0, 0, 1, 12.92, 9485, 1062
744, 7, 3, 4, 0, 0, 1.62%, 0, 0, 1, 14.09, 9558, 1062
749, 7, 3, 4, 0, 0, 1.62%, 0, 0, 1, 15.25, 9637, 1062
754, 7, 3, 4, 0, 0, 1.62%, 0, 0, 1, 15.12, 9714, 1062
759, 7, 3, 4, 0, 0, 1.62%, 0, 0, 1, 13.94, 9788, 1062
764, 7, 3, 4, 0, 0, 1.62%, 0, 0, 1, 16.24, 9870, 1062
769, 7, 3, 4, 0, 0, 1.62%, 0, 0, 1, 17.42, 9961, 1062
774, 7, 3, 4, 0, 0, 1.62%, 0, 0, 1, 17.23, 10051, 1062
780, 7, 3, 4, 0, 0, 1.62%, 0, 0, 1, 16.76, 10139, 1062
785, 7, 3, 4, 0, 0, 1.62%, 0, 0, 1, 17.13, 10227, 1062
790, 7, 3, 4, 0, 0, 1.62%, 0, 0, 1, 17.92, 10319, 1062
795, 7, 3, 4, 0, 0, 1.62%, 0, 0, 1, 18.13, 10411, 1062
800, 7, 3, 4, 0, 0, 1.62%, 0, 0, 1, 17.36, 10500, 1062
805, 7, 3, 4, 0, 0, 1.62%, 0, 0, 1, 17.05, 10589, 1062
810, 7, 3, 4, 0, 0, 1.62%, 0, 0, 1, 14.12, 10657, 1062
816, 7, 3, 4, 0, 0, 1.62%, 0, 0, 1, 15.51, 10737, 1062
821, 8, 3, 4, 0, 0, 1.62%, 0, 0, 1, 15.06, 10818, 1062
826, 8, 3, 4, 0, 0, 1.62%, 0, 0, 1, 16.63, 10903, 1062
831, 8, 3, 4, 0, 0, 1.62%, 0, 0, 1, 17.27, 10993, 1062
836, 8, 3, 4, 0, 0, 1.62%, 0, 0, 1, 17.16, 11078, 1062
841, 8, 3, 4, 0, 0, 1.62%, 0, 0, 1, 17.24, 11166, 1062
846, 8, 3, 4, 0, 0, 1.62%, 0, 0, 1, 16.86, 11255, 1062
852, 8, 3, 4, 0, 0, 1.62%, 0, 0, 1, 16.84, 11341, 1062
857, 8, 3, 4, 0, 0, 1.62%, 0, 0, 1, 12.09, 11395, 1062
862, 8, 3, 4, 0, 0, 1.62%, 0, 0, 1, 13.84, 11466, 1062
867, 8, 3, 4, 0, 0, 1.62%, 0, 0, 1, 15.19, 11542, 1062
872, 8, 3, 4, 0, 0, 1.62%, 0, 0, 1, 15.09, 11617, 1062
877, 8, 3, 4, 0, 0, 1.62%, 0, 0, 1, 15.70, 11695, 1062
882, 8, 3, 4, 0, 0, 1.62%, 0, 0, 1, 15.04, 11768, 1062
887, 8, 3, 4, 0, 0, 1.62%, 0, 0, 1, 13.90, 11841, 1062
892, 8, 3, 4, 0, 0, 1.62%, 0, 0, 1, 14.75, 11916, 1062
897, 8, 3, 4, 0, 0, 1.62%, 0, 0, 1, 12.11, 11975, 1062
902, 8, 3, 4, 0, 0, 1.62%, 0, 0, 1, 11.97, 12035, 1062
907, 8, 3, 4, 0, 0, 1.62%, 0, 0, 1, 12.25, 12097, 1062
912, 8, 3, 4, 0, 0, 1.62%, 0, 0, 1, 10.98, 12152, 1062
917, 9, 3, 4, 0, 0, 1.62%, 0, 0, 1, 14.82, 12232, 1062
923, 9, 3, 4, 0, 0, 1.62%, 0, 0, 1, 16.31, 12319, 1062
928, 9, 3, 4, 0, 0, 1.62%, 0, 0, 1, 16.75, 12404, 1062
933, 9, 3, 4, 0, 0, 1.62%, 0, 0, 1, 13.89, 12472, 1062
938, 9, 3, 4, 0, 0, 1.62%, 0, 0, 1, 15.30, 12552, 1062
943, 9, 3, 4, 0, 0, 1.62%, 0, 0, 1, 16.00, 12633, 1062
948, 9, 3, 4, 0, 0, 1.62%, 0, 0, 1, 15.14, 12712, 1062
953, 9, 3, 4, 0, 0, 1.62%, 0, 0, 1, 15.17, 12789, 1062
958, 9, 3, 4, 0, 0, 1.62%, 0, 0, 1, 15.12, 12865, 1062
963, 9, 3, 4, 0, 0, 1.62%, 0, 0, 1, 15.08, 12943, 1062
969, 9, 3, 4, 0, 0, 1.62%, 0, 0, 1, 14.26, 13019, 1062
974, 9, 3, 4, 0, 0, 1.62%, 0, 0, 1, 13.23, 13084, 1062
979, 9, 3, 4, 0, 0, 1.62%, 0, 0, 1, 12.46, 13144, 1062
984, 9, 3, 4, 0, 0, 1.62%, 0, 0, 1, 12.49, 13206, 1062
989, 9, 3, 4, 0, 0, 1.62%, 0, 0, 1, 13.66, 13275, 1062
994, 9, 3, 4, 0, 0, 1.62%, 0, 0, 1, 16.39, 13362, 1062
999, 9, 3, 4, 0, 0, 1.62%, 0, 0, 1, 14.33, 13430, 1062
1004, 9, 3, 4, 0, 0, 1.62%, 0, 0, 1, 11.00, 13479, 1062
1009, 10, 3, 4, 0, 0, 1.62%, 0, 0, 1, 13.05, 13548, 1062
1014, 10, 3, 4, 0, 0, 1.62%, 0, 0, 1, 15.98, 13630, 1062
1020, 10, 3, 4, 0, 0, 1.62%, 0, 0, 1, 17.37, 13721, 1062
1025, 10, 3, 4, 0, 0, 1.62%, 0, 0, 1, 15.64, 13798, 1062
1030, 10, 3, 4, 0, 0, 1.62%, 0, 0, 1, 15.44, 13877, 1062
1035, 10, 3, 4, 0, 0, 1.62%, 0, 0, 1, 16.67, 13963, 1062
1040, 10, 3, 4, 0, 0, 1.62%, 0, 0, 1, 15.82, 14042, 1062
1045, 10, 3, 4, 0, 0, 1.62%, 0, 0, 1, 14.78, 14121, 1062
1050, 10, 3, 4, 0, 0, 1.62%, 0, 0, 1, 14.17, 14194, 1062
1055, 10, 3, 4, 0, 0, 1.62%, 0, 0, 1, 12.99, 14256, 1062
1060, 10, 3, 4, 0, 0, 1.62%, 0, 0, 1, 13.47, 14324, 1062
1065, 10, 3, 4, 0, 0, 1.62%, 0, 0, 1, 13.56, 14392, 1062
1070, 10, 3, 4, 0, 0, 1.62%, 0, 0, 1, 12.08, 14454, 1062
1075, 10, 3, 4, 0, 0, 1.62%, 0, 0, 1, 9.94, 14502, 1062
1081, 10, 3, 4, 0, 0, 1.62%, 0, 0, 1, 11.50, 14559, 1062
1086, 10, 3, 4, 0, 0, 1.62%, 0, 0, 1, 10.27, 14613, 1062
1091, 10, 3, 4, 0, 0, 1.62%, 0, 0, 1, 12.38, 14678, 1062
1096, 10, 3, 4, 0, 0, 1.62%, 0, 0, 1, 13.26, 14746, 1062
1101, 10, 3, 4, 0, 0, 1.62%, 0, 0, 1, 13.30, 14815, 1062
1106, 11, 3, 4, 0, 0, 1.62%, 0, 0, 1, 13.64, 14883, 1062
1111, 11, 3, 4, 0, 0, 1.62%, 0, 0, 1, 12.78, 14946, 1062
1116, 11, 3, 4, 0, 0, 1.62%, 0, 0, 1, 14.35, 15024, 1062
1122, 11, 3, 4, 0, 0, 1.62%, 0, 0, 1, 16.30, 15111, 1062
1127, 11, 3, 4, 0, 0, 1.62%, 0, 0, 1, 15.82, 15192, 1062
1132, 11, 3, 4, 0, 0, 1.62%, 0, 0, 1, 16.21, 15274, 1062
1137, 11, 3, 4, 0, 0, 1.62%, 0, 0, 1, 16.79, 15359, 1062
1142, 11, 3, 4, 0, 0, 1.62%, 0, 0, 1, 15.61, 15435, 1062
1147, 11, 3, 4, 0, 0, 1.62%, 0, 0, 1, 15.10, 15512, 1062
1152, 11, 3, 4, 0, 0, 1.62%, 0, 0, 1, 14.96, 15590, 1062
1157, 11, 3, 4, 0, 0, 1.62%, 0, 0, 1, 12.16, 15647, 1062
1163, 11, 3, 4, 0, 0, 1.62%, 0, 0, 1, 11.11, 15705, 1062
1168, 11, 3, 4, 0, 0, 1.62%, 0, 0, 1, 10.81, 15758, 1062
1173, 11, 3, 4, 0, 0, 1.62%, 0, 0, 1, 11.12, 15814, 1062
1178, 11, 3, 4, 0, 0, 1.62%, 0, 0, 1, 9.89, 15863, 1062
1183, 11, 3, 4, 0, 0, 1.62%, 0, 0, 1, 11.91, 15924, 1062
1188, 11, 3, 4, 0, 0, 1.62%, 0, 0, 1, 14.63, 16004, 1062
1193, 11, 3, 4, 0, 0, 1.62%, 0, 0, 1, 14.95, 16082, 1062
1198, 11, 3, 4, 0, 0, 1.62%, 0, 0, 1, 15.89, 16163, 1062
1203, 12, 3, 4, 0, 0, 1.62%, 0, 0, 1, 15.87, 16243, 1062
1208, 12, 3, 4, 0, 0, 1.62%, 0, 0, 1, 15.38, 16317, 1062
1213, 12, 3, 4, 0, 0, 1.62%, 0, 0, 1, 15.83, 16397, 1062
1218, 12, 3, 4, 0, 0, 1.62%, 0, 0, 1, 14.91, 16471, 1062
1224, 12, 3, 4, 0, 0, 1.62%, 0, 0, 1, 15.39, 16548, 1062
1229, 12, 3, 4, 0, 0, 1.62%, 0, 0, 1, 15.60, 16630, 1062
1234, 12, 3, 4, 0, 0, 1.62%, 0, 0, 1, 15.54, 16710, 1062
1239, 12, 3, 4, 0, 0, 1.62%, 0, 0, 1, 14.82, 16786, 1062
1244, 12, 3, 4, 0, 0, 1.62%, 0, 0, 1, 14.95, 16862, 1062
1249, 12, 3, 4, 0, 0, 1.62%, 0, 0, 1, 14.13, 16931, 1062
1254, 12, 3, 4, 0, 0, 1.62%, 0, 0, 1, 14.82, 17008, 1062
1259, 12, 3, 4, 0, 0, 1.62%, 0, 0, 1, 15.12, 17087, 1062
1265, 12, 3, 4, 0, 0, 1.62%, 0, 0, 1, 15.01, 17163, 1062
1270, 12, 3, 4, 0, 0, 1.62%, 0, 0, 1, 13.81, 17233, 1062
1275, 12, 3, 4, 0, 0, 1.62%, 0, 0, 1, 14.90, 17311, 1062
1280, 12, 3, 4, 0, 0, 1.62%, 0, 0, 1, 11.56, 17363, 1062
1285, 12, 3, 4, 0, 0, 1.62%, 0, 0, 1, 13.84, 17438, 1062
1290, 12, 3, 4, 0, 0, 1.62%, 0, 0, 1, 12.34, 17498, 1062
1296, 13, 3, 4, 0, 0, 1.62%, 0, 0, 1, 11.04, 17556, 1062
1301, 13, 3, 4, 0, 0, 1.62%, 0, 0, 1, 12.37, 17614, 1062
1306, 13, 3, 4, 0, 0, 1.62%, 0, 0, 1, 13.23, 17684, 1062
1311, 13, 3, 4, 0, 0, 1.62%, 0, 0, 1, 15.38, 17767, 1062
1316, 13, 3, 4, 0, 0, 1.62%, 0, 0, 1, 13.56, 17829, 1062
1321, 13, 3, 4, 0, 0, 1.62%, 0, 0, 1, 16.36, 17918, 1062
1327, 13, 3, 4, 0, 0, 1.62%, 0, 0, 1, 17.60, 18010, 1062
1332, 13, 3, 4, 0, 0, 1.62%, 0, 0, 1, 16.96, 18094, 1062
1337, 13, 3, 4, 0, 0, 1.62%, 0, 0, 1, 17.19, 18184, 1062
1342, 13, 3, 4, 0, 0, 1.62%, 0, 0, 1, 14.89, 18256, 1062
1347, 13, 3, 4, 0, 0, 1.62%, 0, 0, 1, 14.79, 18329, 1062
1352, 13, 3, 4, 0, 0, 1.62%, 0, 0, 1, 13.71, 18401, 1062
1357, 13, 3, 4, 0, 0, 1.62%, 0, 0, 1, 13.24, 18462, 1062
1362, 13, 3, 4, 0, 0, 1.62%, 0, 0, 1, 14.45, 18536, 1062
1367, 13, 3, 4, 0, 0, 1.62%, 0, 0, 1, 12.89, 18603, 1062
1373, 13, 3, 4, 0, 0, 1.62%, 0, 0, 1, 15.55, 18685, 1062
1378, 13, 3, 4, 0, 0, 1.62%, 0, 0, 1, 15.26, 18764, 1062
1383, 13, 3, 4, 0, 0, 1.62%, 0, 0, 1, 12.93, 18825, 1062
1388, 14, 3, 4, 0, 0, 1.62%, 0, 0, 1, 15.77, 18910, 1062
1393, 14, 3, 4, 0, 0, 1.62%, 0, 0, 1, 16.92, 19000, 1062
1398, 14, 3, 4, 0, 0, 1.62%, 0, 0, 1, 17.02, 19087, 1062
1403, 14, 3, 4, 0, 0, 1.62%, 0, 0, 1, 16.11, 19169, 1062
1409, 14, 3, 4, 0, 0, 1.62%, 0, 0, 1, 17.22, 19260, 1062
1414, 14, 3, 4, 0, 0, 1.62%, 0, 0, 1, 14.64, 19337, 1062
1419, 14, 3, 4, 0, 0, 1.62%, 0, 0, 1, 15.09, 19409, 1062
1424, 14, 3, 4, 0, 0, 1.62%, 0, 0, 1, 11.06, 19461, 1062
1429, 14, 3, 4, 0, 0, 1.62%, 0, 0, 1, 11.68, 19521, 1062
1434, 14, 3, 4, 0, 0, 1.62%, 0, 0, 1, 11.56, 19579, 1062
1439, 14, 3, 4, 0, 0, 1.62%, 0, 0, 1, 14.57, 19657, 1062
1444, 14, 3, 4, 0, 0, 1.62%, 0, 0, 1, 16.43, 19739, 1062
1449, 14, 3, 4, 0, 0, 1.62%, 0, 0, 1, 12.58, 19801, 1062
1454, 14, 3, 4, 0, 0, 1.62%, 0, 0, 1, 14.90, 19874, 1062
1460, 14, 3, 4, 0, 0, 1.62%, 0, 0, 1, 16.69, 19965, 1062
1465, 14, 3, 4, 0, 0, 1.62%, 0, 0, 1, 17.75, 20057, 1062
1470, 14, 3, 4, 0, 0, 1.62%, 0, 0, 1, 17.94, 20149, 1062
1475, 14, 3, 4, 0, 0, 1.62%, 0, 0, 1, 18.06, 20241, 1062
1480, 15, 3, 4, 0, 0, 1.62%, 0, 0, 1, 17.39, 20331, 1062
1485, 15, 3, 4, 0, 0, 1.62%, 0, 0, 1, 14.74, 20398, 1062
1490, 15, 3, 4, 0, 0, 1.62%, 0, 0, 1, 17.35, 20490, 1062
1495, 15, 3, 4, 0, 0, 1.62%, 0, 0, 1, 17.64, 20582, 1062
1500, 15, 3, 4, 0, 0, 1.62%, 0, 0, 1, 17.66, 20669, 1062
1505, 15, 3, 4, 0, 0, 1.62%, 0, 0, 1, 18.02, 20761, 1062
1511, 15, 3, 4, 0, 0, 1.62%, 0, 0, 1, 16.26, 20843, 1062
1516, 15, 3, 4, 0, 0, 1.62%, 0, 0, 1, 17.48, 20934, 1062
1521, 15, 3, 4, 0, 0, 1.62%, 0, 0, 1, 17.57, 21024, 1062
1526, 15, 3, 4, 0, 0, 1.62%, 0, 0, 1, 17.82, 21116, 1062
1531, 15, 3, 4, 0, 0, 1.62%, 0, 0, 1, 15.75, 21194, 1062
1536, 15, 3, 4, 0, 0, 1.62%, 0, 0, 1, 17.40, 21286, 1062
1541, 15, 3, 4, 0, 0, 1.62%, 0, 0, 1, 16.54, 21370, 1062
1546, 15, 3, 4, 0, 0, 1.62%, 0, 0, 1, 14.20, 21442, 1062
1551, 15, 3, 4, 0, 0, 1.62%, 0, 0, 1, 16.06, 21521, 1062
1557, 16, 3, 4, 0, 0, 1.62%, 0, 0, 1, 17.52, 21613, 1062
1562, 16, 3, 4, 0, 0, 1.62%, 0, 0, 1, 17.09, 21700, 1062
1567, 16, 3, 4, 0, 0, 1.62%, 0, 0, 1, 17.47, 21790, 1062
1572, 16, 3, 4, 0, 0, 1.62%, 0, 0, 1, 17.33, 21880, 1062
1577, 16, 3, 4, 0, 0, 1.62%, 0, 0, 1, 16.53, 21965, 1062
1582, 16, 3, 4, 0, 0, 1.62%, 0, 0, 1, 15.60, 22043, 1062
1587, 16, 3, 4, 0, 0, 1.62%, 0, 0, 1, 17.45, 22135, 1062
1592, 16, 3, 4, 0, 0, 1.62%, 0, 0, 1, 16.71, 22220, 1062
1598, 16, 3, 4, 0, 0, 1.62%, 0, 0, 1, 17.18, 22311, 1062
1603, 16, 3, 4, 0, 0, 1.62%, 0, 0, 1, 14.35, 22385, 1062
1608, 16, 3, 4, 0, 0, 1.62%, 0, 0, 1, 13.98, 22457, 1062
1613, 16, 3, 4, 0, 0, 1.62%, 0, 0, 1, 16.15, 22540, 1062
1618, 16, 3, 4, 0, 0, 1.62%, 0, 0, 1, 15.00, 22621, 1062
1624, 16, 3, 4, 0, 0, 1.62%, 0, 0, 1, 10.86, 22671, 1062
1629, 16, 3, 4, 0, 0, 1.62%, 0, 0, 1, 14.28, 22743, 1062
1634, 16, 3, 4, 0, 0, 1.62%, 0, 0, 1, 12.87, 22806, 1062
1639, 16, 3, 4, 0, 0, 1.62%, 0, 0, 1, 13.60, 22879, 1062
1644, 17, 3, 4, 0, 0, 1.62%, 0, 0, 1, 14.16, 22954, 1062
1649, 17, 3, 4, 0, 0, 1.62%, 0, 0, 1, 16.31, 23036, 1062
1654, 17, 3, 4, 0, 0, 1.62%, 0, 0, 1, 14.38, 23113, 1062
1659, 17, 3, 4, 0, 0, 1.62%, 0, 0, 1, 14.79, 23185, 1062
1665, 17, 3, 4, 0, 0, 1.62%, 0, 0, 1, 14.94, 23259, 1062
1670, 17, 3, 4, 0, 0, 1.62%, 0, 0, 1, 13.71, 23326, 1062
1675, 17, 3, 4, 0, 0, 1.62%, 0, 0, 1, 14.09, 23399, 1062
1680, 17, 3, 4, 0, 0, 1.62%, 0, 0, 1, 13.73, 23468, 1062
1685, 17, 3, 4, 0, 0, 1.62%, 0, 0, 1, 14.55, 23544, 1062
1690, 17, 3, 4, 0, 0, 1.62%, 0, 0, 1, 14.63, 23618, 1062
1695, 17, 3, 4, 0, 0, 1.62%, 0, 0, 1, 14.91, 23697, 1062
1700, 17, 3, 4, 0, 0, 1.62%, 0, 0, 1, 13.72, 23764, 1062
1706, 17, 3, 4, 0, 0, 1.62%, 0, 0, 1, 12.94, 23830, 1062
1711, 17, 3, 4, 0, 0, 1.62%, 0, 0, 1, 11.61, 23888, 1062
1716, 17, 3, 4, 0, 0, 1.62%, 0, 0, 1, 12.97, 23955, 1062
1721, 17, 3, 4, 0, 0, 1.62%, 0, 0, 1, 13.46, 24023, 1062
1726, 17, 3, 4, 0, 0, 1.62%, 0, 0, 1, 16.07, 24106, 1062
1731, 17, 3, 4, 0, 0, 1.62%, 0, 0, 1, 17.47, 24198, 1062
1736, 17, 3, 4, 0, 0, 1.62%, 0, 0, 1, 16.98, 24283, 1062
1741, 18, 3, 4, 0, 0, 1.62%, 0, 0, 1, 17.25, 24373, 1062
1746, 18, 3, 4, 0, 0, 1.62%, 0, 0, 1, 17.76, 24463, 1062
1752, 18, 3, 4, 0, 0, 1.62%, 0, 0, 1, 17.72, 24554, 1062
1757, 18, 3, 4, 0, 0, 1.62%, 0, 0, 1, 17.71, 24641, 1062
1762, 18, 3, 4, 0, 0, 1.62%, 0, 0, 1, 17.41, 24727, 1062
1767, 18, 3, 4, 0, 0, 1.62%, 0, 0, 1, 17.29, 24817, 1062
1772, 18, 3, 4, 0, 0, 1.62%, 0, 0, 1, 17.34, 24907, 1062
1777, 18, 3, 4, 0, 0, 1.62%, 0, 0, 1, 17.91, 24999, 1062
1782, 18, 3, 4, 0, 0, 1.62%, 0, 0, 1, 16.86, 25086, 1062
1787, 18, 3, 4, 0, 0, 1.62%, 0, 0, 1, 17.54, 25176, 1062
1792, 18, 3, 4, 0, 0, 1.62%, 0, 0, 1, 17.61, 25266, 1062
1798, 18, 3, 4, 0, 0, 1.62%, 0, 0, 1, 15.71, 25346, 1062
1803, 18, 3, 4, 0, 0, 1.62%, 0, 0, 1, 16.55, 25432, 1062
1808, 18, 3, 4, 0, 0, 1.62%, 0, 0, 1, 17.38, 25522, 1062
1813, 18, 3, 4, 0, 0, 1.62%, 0, 0, 1, 17.85, 25614, 1062
1818, 19, 3, 4, 0, 0, 1.62%, 0, 0, 1, 17.85, 25706, 1062
1823, 19, 3, 4, 0, 0, 1.62%, 0, 0, 1, 17.30, 25792, 1062
1828, 19, 3, 4, 0, 0, 1.62%, 0, 0, 1, 17.05, 25881, 1062
1833, 19, 3, 4, 0, 0, 1.62%, 0, 0, 1, 17.34, 25971, 1062
1839, 19, 3, 4, 0, 0, 1.62%, 0, 0, 1, 17.76, 26063, 1062
1844, 19, 3, 4, 0, 0, 1.62%, 0, 0, 1, 17.65, 26153, 1062
1849, 19, 3, 4, 0, 0, 1.62%, 0, 0, 1, 17.50, 26244, 1062
1854, 19, 3, 4, 0, 0, 1.62%, 0, 0, 1, 17.38, 26335, 1062
1859, 19, 3, 4, 0, 0, 1.62%, 0, 0, 1, 16.89, 26419, 1062
1864, 19, 3, 4, 0, 0, 1.62%, 0, 0, 1, 17.57, 26511, 1062
1869, 19, 3, 4, 0, 0, 1.62%, 0, 0, 1, 17.95, 26603, 1062
1875, 19, 3, 4, 0, 0, 1.62%, 0, 0, 1, 17.23, 26690, 1062
1880, 19, 3, 4, 0, 0, 1.62%, 0, 0, 1, 17.48, 26781, 1062
1885, 19, 3, 4, 0, 0, 1.62%, 0, 0, 1, 17.91, 26873, 1062
1890, 19, 3, 4, 0, 0, 1.62%, 0, 0, 1, 13.11, 26930, 1062
1895, 19, 3, 4, 0, 0, 1.62%, 0, 0, 1, 11.89, 26986, 1062
1900, 20, 3, 4, 0, 0, 1.62%, 0, 0, 1, 16.49, 27078, 1062
1905, 20, 3, 4, 0, 0, 1.62%, 0, 0, 1, 17.68, 27170, 1062
1910, 20, 3, 4, 0, 0, 1.62%, 0, 0, 1, 17.60, 27261, 1062
1916, 20, 3, 4, 0, 0, 1.62%, 0, 0, 1, 17.94, 27353, 1062
1921, 20, 3, 4, 0, 0, 1.62%, 0, 0, 1, 17.82, 27444, 1062
1926, 20, 3, 4, 0, 0, 1.62%, 0, 0, 1, 17.19, 27531, 1062
1931, 20, 3, 4, 0, 0, 1.62%, 0, 0, 1, 17.25, 27616, 1062
1936, 20, 3, 4, 0, 0, 1.62%, 0, 0, 1, 17.87, 27708, 1062
1941, 20, 3, 4, 0, 0, 1.62%, 0, 0, 1, 17.43, 27796, 1062
1946, 20, 3, 4, 0, 0, 1.62%, 0, 0, 1, 16.19, 27874, 1062
1951, 20, 3, 4, 0, 0, 1.62%, 0, 0, 1, 15.94, 27954, 1062
1956, 20, 3, 4, 0, 0, 1.62%, 0, 0, 1, 12.84, 28013, 1062
1961, 20, 3, 4, 0, 0, 1.62%, 0, 0, 1, 12.83, 28079, 1062
1967, 20, 3, 4, 0, 0, 1.62%, 0, 0, 1, 13.70, 28151, 1062
1972, 20, 3, 4, 0, 0, 1.62%, 0, 0, 1, 13.92, 28225, 1062
1977, 20, 3, 4, 0, 0, 1.62%, 0, 0, 1, 11.95, 28286, 1062
1982, 20, 3, 4, 0, 0, 1.62%, 0, 0, 1, 12.21, 28347, 1062
1987, 21, 3, 4, 0, 0, 1.62%, 0, 0, 1, 10.80, 28401, 1062
1992, 21, 3, 4, 0, 0, 1.62%, 0, 0, 1, 10.84, 28454, 1062
1997, 21, 3, 4, 0, 0, 1.62%, 0, 0, 1, 15.83, 28541, 1062
2003, 21, 3, 4, 0, 0, 1.62%, 0, 0, 1, 15.86, 28624, 1062
2008, 21, 3, 4, 0, 0, 1.62%, 0, 0, 1, 17.05, 28711, 1062
2013, 21, 3, 4, 0, 0, 1.62%, 0, 0, 1, 13.76, 28779, 1062
2018, 21, 3, 4, 0, 0, 1.62%, 0, 0, 1, 15.80, 28860, 1062
2023, 21, 3, 4, 0, 0, 1.62%, 0, 0, 1, 17.37, 28952, 1062
2028, 21, 3, 4, 0, 0, 1.62%, 0, 0, 1, 17.54, 29040, 1062
2033, 21, 3, 4, 0, 0, 1.62%, 0, 0, 1, 18.00, 29132, 1062
2038, 21, 3, 4, 0, 0, 1.62%, 0, 0, 1, 15.53, 29209, 1062
2043, 21, 3, 4, 0, 0, 1.62%, 0, 0, 1, 16.87, 29295, 1062
2049, 21, 3, 4, 0, 0, 1.62%, 0, 0, 1, 17.11, 29385, 1062
2054, 21, 3, 4, 0, 0, 1.62%, 0, 0, 1, 17.65, 29477, 1062
2059, 21, 3, 4, 0, 0, 1.62%, 0, 0, 1, 17.66, 29569, 1062
2064, 21, 3, 4, 0, 0, 1.62%, 0, 0, 1, 17.42, 29660, 1062
2069, 22, 3, 4, 0, 0, 1.62%, 0, 0, 1, 15.65, 29741, 1062
2074, 22, 3, 4, 0, 0, 1.62%, 0, 0, 1, 12.04, 29794, 1062
2080, 22, 3, 4, 0, 0, 1.62%, 0, 0, 1, 11.47, 29853, 1062
2085, 22, 3, 4, 0, 0, 1.62%, 0, 0, 1, 10.82, 29907, 1062
2090, 22, 3, 4, 0, 0, 1.62%, 0, 0, 1, 12.92, 29975, 1062
2095, 22, 3, 4, 0, 0, 1.62%, 0, 0, 1, 12.79, 30039, 1062
2100, 22, 3, 4, 0, 0, 1.62%, 0, 0, 1, 12.19, 30101, 1062
2105, 22, 3, 4, 0, 0, 1.62%, 0, 0, 1, 14.42, 30178, 1062
2111, 22, 3, 4, 0, 0, 1.62%, 0, 0, 1, 15.12, 30253, 1062
2116, 22, 3, 4, 0, 0, 1.62%, 0, 0, 1, 17.04, 30343, 1062
2121, 22, 3, 4, 0, 0, 1.62%, 0, 0, 1, 17.25, 30431, 1062
2126, 22, 3, 4, 0, 0, 1.62%, 0, 0, 1, 16.58, 30511, 1062
2131, 22, 3, 4, 0, 0, 1.62%, 0, 0, 1, 15.75, 30593, 1062
2136, 22, 3, 4, 0, 0, 1.62%, 0, 0, 1, 17.03, 30683, 1062
2141, 22, 3, 4, 0, 0, 1.62%, 0, 0, 1, 17.21, 30773, 1062
2146, 22, 3, 4, 0, 0, 1.62%, 0, 0, 1, 17.76, 30865, 1062
2152, 22, 3, 4, 0, 0, 1.62%, 0, 0, 1, 16.75, 30950, 1062
2157, 22, 3, 4, 0, 0, 1.62%, 0, 0, 1, 17.31, 31037, 1062
2162, 23, 3, 4, 0, 0, 1.62%, 0, 0, 1, 17.35, 31127, 1062
2167, 23, 3, 4, 0, 0, 1.62%, 0, 0, 1, 14.93, 31202, 1062
2172, 23, 3, 4, 0, 0, 1.62%, 0, 0, 1, 16.23, 31286, 1062
2177, 23, 3, 4, 0, 0, 1.62%, 0, 0, 1, 16.91, 31373, 1062
2182, 23, 3, 4, 0, 0, 1.62%, 0, 0, 1, 16.55, 31458, 1062
2187, 23, 3, 4, 0, 0, 1.62%, 0, 0, 1, 16.18, 31543, 1062
2192, 23, 3, 4, 0, 0, 1.62%, 0, 0, 1, 16.60, 31627, 1062
2197, 23, 3, 4, 0, 0, 1.62%, 0, 0, 1, 16.57, 31711, 1062
2203, 23, 3, 4, 0, 0, 1.62%, 0, 0, 1, 14.35, 31784, 1062
2208, 23, 3, 4, 0, 0, 1.62%, 0, 0, 1, 12.86, 31846, 1062
2213, 23, 3, 4, 0, 0, 1.62%, 0, 0, 1, 12.90, 31912, 1062
2218, 23, 3, 4, 0, 0, 1.62%, 0, 0, 1, 14.18, 31986, 1062
2223, 23, 3, 4, 0, 0, 1.62%, 0, 0, 1, 13.92, 32058, 1062
2228, 23, 3, 4, 0, 0, 1.62%, 0, 0, 1, 13.32, 32125, 1062
2233, 23, 3, 4, 0, 0, 1.62%, 0, 0, 1, 15.03, 32203, 1062
2238, 23, 3, 4, 0, 0, 1.62%, 0, 0, 1, 16.27, 32287, 1062
2243, 23, 3, 4, 0, 0, 1.62%, 0, 0, 1, 16.20, 32368, 1062
2248, 24, 3, 4, 0, 0, 1.62%, 0, 0, 1, 16.59, 32452, 1062
2253, 24, 3, 4, 0, 0, 1.62%, 0, 0, 1, 15.16, 32527, 1062
2258, 24, 3, 4, 0, 0, 1.62%, 0, 0, 1, 16.20, 32609, 1062
2264, 24, 3, 4, 0, 0, 1.62%, 0, 0, 1, 16.16, 32691, 1062
2269, 24, 3, 4, 0, 0, 1.62%, 0, 0, 1, 16.09, 32773, 1062
2274, 24, 3, 4, 0, 0, 1.62%, 0, 0, 1, 16.50, 32860, 1062
2279, 24, 3, 4, 0, 0, 1.62%, 0, 0, 1, 16.55, 32946, 1062
2284, 24, 3, 4, 0, 0, 1.62%, 0, 0, 1, 16.66, 33033, 1062
2290, 24, 3, 4, 0, 0, 1.62%, 0, 0, 1, 16.79, 33120, 1062
2295, 24, 3, 4, 0, 0, 1.62%, 0, 0, 1, 16.41, 33201, 1062
2300, 24, 3, 4, 0, 0, 1.62%, 0, 0, 1, 16.37, 33287, 1062
2305, 24, 3, 4, 0, 0, 1.62%, 0, 0, 1, 16.60, 33373, 1062
2310, 24, 3, 4, 0, 0, 1.62%, 0, 0, 1, 16.71, 33460, 1062
2315, 24, 3, 4, 0, 0, 1.62%, 0, 0, 1, 15.94, 33538, 1062
2320, 24, 3, 4, 0, 0, 1.62%, 0, 0, 1, 16.50, 33624, 1062
2326, 24, 3, 4, 0, 0, 1.62%, 0, 0, 1, 17.00, 33711, 1062
2331, 25, 3, 4, 0, 0, 1.62%, 0, 0, 1, 16.97, 33798, 1062
2336, 25, 3, 4, 0, 0, 1.62%, 0, 0, 1, 16.65, 33881, 1062
2341, 25, 3, 4, 0, 0, 1.62%, 0, 0, 1, 14.29, 33953, 1062
2346, 25, 3, 4, 0, 0, 1.62%, 0, 0, 1, 16.03, 34037, 1062
2351, 25, 3, 4, 0, 0, 1.62%, 0, 0, 1, 15.95, 34120, 1062
2356, 25, 3, 4, 0, 0, 1.62%, 0, 0, 1, 16.72, 34208, 1062
2361, 25, 3, 4, 0, 0, 1.62%, 0, 0, 1, 16.38, 34291, 1062
2366, 25, 3, 4, 0, 0, 1.62%, 0, 0, 1, 16.17, 34371, 1062
2372, 25, 3, 4, 0, 0, 1.62%, 0, 0, 1, 16.40, 34457, 1062
2377, 25, 3, 4, 0, 0, 1.62%, 0, 0, 1, 16.39, 34540, 1062
2382, 25, 3, 4, 0, 0, 1.62%, 0, 0, 1, 16.18, 34624, 1062
2387, 25, 3, 4, 0, 0, 1.62%, 0, 0, 1, 16.25, 34707, 1062
2392, 25, 3, 4, 0, 0, 1.62%, 0, 0, 1, 16.37, 34790, 1062
2397, 25, 3, 4, 0, 0, 1.62%, 0, 0, 1, 16.28, 34871, 1062
2402, 25, 3, 4, 0, 0, 1.62%, 0, 0, 1, 15.42, 34949, 1062
2407, 25, 3, 4, 0, 0, 1.62%, 0, 0, 1, 16.38, 35035, 1062
2413, 26, 3, 4, 0, 0, 1.62%, 0, 0, 1, 16.52, 35120, 1062
2418, 26, 3, 4, 0, 0, 1.62%, 0, 0, 1, 16.89, 35208, 1062
2423, 26, 3, 4, 0, 0, 1.62%, 0, 0, 1, 16.91, 35296, 1062
2428, 26, 3, 4, 0, 0, 1.62%, 0, 0, 1, 16.51, 35379, 1062
2433, 26, 3, 4, 0, 0, 1.62%, 0, 0, 1, 16.66, 35465, 1062
2438, 26, 3, 4, 0, 0, 1.62%, 0, 0, 1, 14.63, 35538, 1062
2444, 26, 3, 4, 0, 0, 1.62%, 0, 0, 1, 16.03, 35624, 1062
2449, 26, 3, 4, 0, 0, 1.62%, 0, 0, 1, 16.56, 35711, 1062
2454, 26, 3, 4, 0, 0, 1.62%, 0, 0, 1, 14.09, 35783, 1062
2459, 26, 3, 4, 0, 0, 1.62%, 0, 0, 1, 12.90, 35848, 1062
2464, 26, 3, 4, 0, 0, 1.62%, 0, 0, 1, 14.56, 35922, 1062
2469, 26, 3, 4, 0, 0, 1.62%, 0, 0, 1, 14.23, 35995, 1062
2474, 26, 3, 4, 0, 0, 1.62%, 0, 0, 1, 14.72, 36070, 1062
2479, 26, 3, 4, 0, 0, 1.62%, 0, 0, 1, 14.74, 36144, 1062
2485, 26, 3, 4, 0, 0, 1.62%, 0, 0, 1, 12.17, 36207, 1062
2490, 26, 3, 4, 0, 0, 1.62%, 0, 0, 1, 10.25, 36254, 1062
2495, 26, 3, 4, 0, 0, 1.62%, 0, 0, 1, 10.42, 36309, 1062
2500, 26, 3, 4, 0, 0, 1.62%, 0, 0, 1, 10.11, 36360, 1062
2505, 26, 3, 4, 0, 0, 1.62%, 0, 0, 1, 10.55, 36415, 1062
2510, 27, 3, 4, 0, 0, 1.62%, 0, 0, 1, 10.52, 36467, 1062
2516, 27, 3, 4, 0, 0, 1.62%, 0, 0, 1, 9.90, 36517, 1062
2521, 27, 3, 4, 0, 0, 1.62%, 0, 0, 1, 8.61, 36557, 1062
2526, 27, 3, 4, 0, 0, 1.62%, 0, 0, 1, 9.63, 36608, 1062
2531, 27, 3, 4, 0, 0, 1.62%, 0, 0, 1, 8.94, 36652, 1062
2536, 27, 3, 4, 0, 0, 1.62%, 0, 0, 1, 8.40, 36692, 1062
2541, 27, 3, 4, 0, 0, 1.62%, 0, 0, 1, 8.32, 36735, 1062
2546, 27, 3, 4, 0, 0, 1.62%, 0, 0, 1, 8.58, 36780, 1062
2551, 27, 3, 4, 0, 0, 1.62%, 0, 0, 1, 8.90, 36825, 1062
2556, 27, 3, 4, 0, 0, 1.62%, 0, 0, 1, 9.71, 36877, 1062
2561, 27, 3, 4, 0, 0, 1.62%, 0, 0, 1, 9.70, 36927, 1062
2567, 27, 3, 4, 0, 0, 1.62%, 0, 0, 1, 9.26, 36976, 1062
2572, 27, 3, 4, 0, 0, 1.62%, 0, 0, 1, 9.34, 37023, 1062
2577, 27, 3, 4, 0, 0, 1.62%, 0, 0, 1, 9.05, 37071, 1062
2582, 27, 3, 4, 0, 0, 1.62%, 0, 0, 1, 9.23, 37118, 1062
2588, 27, 3, 4, 0, 0, 1.62%, 0, 0, 1, 9.65, 37167, 1062
2593, 27, 3, 4, 0, 0, 1.62%, 0, 0, 1, 8.69, 37211, 1062
2598, 27, 3, 4, 0, 0, 1.62%, 0, 0, 1, 8.29, 37252, 1062
2603, 27, 3, 4, 0, 0, 1.62%, 0, 0, 1, 9.01, 37300, 1062
2608, 27, 3, 4, 0, 0, 1.62%, 0, 0, 1, 8.98, 37349, 1062
2614, 27, 3, 4, 0, 0, 1.62%, 0, 0, 1, 8.28, 37390, 1062
2619, 27, 3, 4, 0, 0, 1.62%, 0, 0, 1, 9.21, 37438, 1062
2624, 27, 3, 4, 0, 0, 1.62%, 0, 0, 1, 8.88, 37483, 1062
2629, 27, 3, 4, 0, 0, 1.62%, 0, 0, 1, 9.80, 37535, 1062
2634, 27, 3, 4, 0, 0, 1.62%, 0, 0, 1, 9.46, 37583, 1062
2639, 27, 3, 4, 0, 0, 1.62%, 0, 0, 1, 9.91, 37633, 1062
2644, 27, 3, 4, 0, 0, 1.62%, 0, 0, 1, 9.84, 37683, 1062
2649, 27, 3, 4, 0, 0, 1.62%, 0, 0, 1, 10.24, 37736, 1062
2654, 27, 3, 4, 0, 0, 1.62%, 0, 0, 1, 10.06, 37788, 1062
2660, 28, 3, 4, 0, 0, 1.62%, 0, 0, 1, 8.88, 37831, 1062
2665, 28, 3, 4, 0, 0, 1.62%, 0, 0, 1, 9.75, 37880, 1062
2670, 28, 3, 4, 0, 0, 1.62%, 0, 0, 1, 9.33, 37929, 1062
2675, 28, 3, 4, 0, 0, 1.62%, 0, 0, 1, 9.40, 37977, 1062
2680, 28, 3, 4, 0, 0, 1.62%, 0, 0, 1, 9.93, 38028, 1062
2685, 28, 3, 4, 0, 0, 1.62%, 0, 0, 1, 9.43, 38075, 1062
2690, 28, 3, 4, 0, 0, 1.62%, 0, 0, 1, 9.42, 38124, 1062
2695, 28, 3, 4, 0, 0, 1.62%, 0, 0, 1, 9.95, 38176, 1062
2700, 28, 3, 4, 0, 0, 1.62%, 0, 0, 1, 8.54, 38218, 1062
2705, 28, 3, 4, 0, 0, 1.62%, 0, 0, 1, 8.73, 38262, 1062
2711, 28, 3, 4, 0, 0, 1.62%, 0, 0, 1, 8.41, 38304, 1062
2716, 28, 3, 4, 0, 0, 1.62%, 0, 0, 1, 9.53, 38353, 1062
2721, 28, 3, 4, 0, 0, 1.62%, 0, 0, 1, 9.85, 38404, 1062
2726, 28, 3, 4, 0, 0, 1.62%, 0, 0, 1, 10.03, 38455, 1062
2731, 28, 3, 4, 0, 0, 1.62%, 0, 0, 1, 9.05, 38501, 1062
2736, 28, 3, 4, 0, 0, 1.62%, 0, 0, 1, 9.38, 38549, 1062
2741, 28, 3, 4, 0, 0, 1.62%, 0, 0, 1, 8.46, 38591, 1062
2746, 28, 3, 4, 0, 0, 1.62%, 0, 0, 1, 8.72, 38635, 1062
2752, 28, 3, 4, 0, 0, 1.62%, 0, 0, 1, 8.66, 38680, 1062
2757, 28, 3, 4, 0, 0, 1.62%, 0, 0, 1, 9.13, 38728, 1062
2762, 28, 3, 4, 0, 0, 1.62%, 0, 0, 1, 8.89, 38773, 1062
2767, 28, 3, 4, 0, 0, 1.62%, 0, 0, 1, 9.59, 38823, 1062
2772, 28, 3, 4, 0, 0, 1.62%, 0, 0, 1, 8.91, 38868, 1062
2777, 28, 3, 4, 0, 0, 1.62%, 0, 0, 1, 9.29, 38914, 1062
2782, 28, 3, 4, 0, 0, 1.62%, 0, 0, 1, 9.84, 38965, 1062
2788, 28, 3, 4, 0, 0, 1.62%, 0, 0, 1, 8.49, 39006, 1062
2793, 28, 3, 4, 0, 0, 1.62%, 0, 0, 1, 8.11, 39046, 1062
2798, 28, 3, 4, 0, 0, 1.62%, 0, 0, 1, 8.75, 39092, 1062
2803, 28, 3, 4, 0, 0, 1.62%, 0, 0, 1, 9.35, 39140, 1062
2808, 29, 3, 4, 0, 0, 1.62%, 0, 0, 1, 9.60, 39191, 1062
2813, 29, 3, 4, 0, 0, 1.62%, 0, 0, 1, 9.95, 39244, 1062
2818, 29, 3, 4, 0, 0, 1.62%, 0, 0, 1, 9.19, 39290, 1062
2823, 29, 3, 4, 0, 0, 1.62%, 0, 0, 1, 8.70, 39334, 1062
2829, 29, 3, 4, 0, 0, 1.62%, 0, 0, 1, 8.61, 39378, 1062
2834, 29, 3, 4, 0, 0, 1.62%, 0, 0, 1, 8.33, 39420, 1062
2839, 29, 3, 4, 0, 0, 1.62%, 0, 0, 1, 9.11, 39466, 1062
2844, 29, 3, 4, 0, 0, 1.62%, 0, 0, 1, 8.89, 39513, 1062
2849, 29, 3, 4, 0, 0, 1.62%, 0, 0, 1, 8.37, 39555, 1062
2855, 29, 3, 4, 0, 0, 1.62%, 0, 0, 1, 9.42, 39606, 1062
2860, 29, 3, 4, 0, 0, 1.62%, 0, 0, 1, 9.60, 39656, 1062
2865, 29, 3, 4, 0, 0, 1.62%, 0, 0, 1, 9.30, 39702, 1062
2870, 29, 3, 4, 0, 0, 1.62%, 0, 0, 1, 12.48, 39772, 1062
2875, 29, 3, 4, 0, 0, 1.62%, 0, 0, 1, 11.28, 39830, 1062
2880, 29, 3, 4, 0, 0, 1.62%, 0, 0, 1, 9.72, 39875, 1062
2885, 29, 3, 4, 0, 0, 1.62%, 0, 0, 1, 11.11, 39932, 1062
2890, 29, 3, 4, 0, 0, 1.62%, 0, 0, 1, 11.89, 39994, 1062
2896, 29, 3, 4, 0, 0, 1.62%, 0, 0, 1, 12.09, 40058, 1062
2901, 29, 3, 4, 0, 0, 1.62%, 0, 0, 1, 12.37, 40117, 1062
2906, 29, 3, 4, 0, 0, 1.62%, 0, 0, 1, 13.69, 40189, 1062
2911, 29, 3, 4, 0, 0, 1.62%, 0, 0, 1, 12.74, 40252, 1062
2916, 29, 3, 4, 0, 0, 1.62%, 0, 0, 1, 12.62, 40313, 1062
2921, 29, 3, 4, 0, 0, 1.62%, 0, 0, 1, 11.37, 40371, 1062
2927, 29, 3, 4, 0, 0, 1.62%, 0, 0, 1, 12.59, 40435, 1062
2932, 30, 3, 4, 0, 0, 1.62%, 0, 0, 1, 14.85, 40515, 1062
2937, 30, 3, 4, 0, 0, 1.62%, 0, 0, 1, 13.88, 40590, 1062
2942, 30, 3, 4, 0, 0, 1.62%, 0, 0, 1, 13.83, 40661, 1062
2947, 30, 3, 4, 0, 0, 1.62%, 0, 0, 1, 14.52, 40735, 1062
2952, 30, 3, 4, 0, 0, 1.62%, 0, 0, 1, 12.80, 40800, 1062
2957, 30, 3, 4, 0, 0, 1.62%, 0, 0, 1, 13.13, 40866, 1062
2962, 30, 3, 4, 0, 0, 1.62%, 0, 0, 1, 14.57, 40941, 1062
2968, 30, 3, 4, 0, 0, 1.62%, 0, 0, 1, 15.20, 41021, 1062
2973, 30, 3, 4, 0, 0, 1.62%, 0, 0, 1, 13.16, 41085, 1062
2978, 30, 3, 4, 0, 0, 1.62%, 0, 0, 1, 11.72, 41144, 1062
2983, 30, 3, 4, 0, 0, 1.62%, 0, 0, 1, 11.16, 41197, 1062
2988, 30, 3, 4, 0, 0, 1.62%, 0, 0, 1, 11.42, 41255, 1062
2993, 30, 3, 4, 0, 0, 1.62%, 0, 0, 1, 12.21, 41318, 1062
2998, 30, 3, 4, 0, 0, 1.62%, 0, 0, 1, 12.82, 41385, 1062
3003, 30, 3, 4, 0, 0, 1.62%, 0, 0, 1, 12.30, 41447, 1062
3008, 30, 3, 4, 0, 0, 1.62%, 0, 0, 1, 13.38, 41518, 1062
3013, 30, 3, 4, 0, 0, 1.62%, 0, 0, 1, 15.67, 41600, 1062
3018, 30, 3, 4, 0, 0, 1.62%, 0, 0, 1, 15.68, 41680, 1062
3024, 30, 3, 4, 0, 0, 1.62%, 0, 0, 1, 15.10, 41756, 1062
3029, 30, 3, 4, 0, 0, 1.62%, 0, 0, 1, 14.69, 41833, 1062
3034, 31, 3, 4, 0, 0, 1.62%, 0, 0, 1, 14.29, 41907, 1062
3039, 31, 3, 4, 0, 0, 1.62%, 0, 0, 1, 12.53, 41970, 1062
3044, 31, 3, 4, 0, 0, 1.62%, 0, 0, 1, 11.52, 42029, 1062
3049, 31, 3, 4, 0, 0, 1.62%, 0, 0, 1, 10.04, 42079, 1062
3054, 31, 3, 4, 0, 0, 1.62%, 0, 0, 1, 8.78, 42122, 1062
3060, 31, 3, 4, 0, 0, 1.62%, 0, 0, 1, 12.43, 42188, 1062
3065, 31, 3, 4, 0, 0, 1.62%, 0, 0, 1, 13.56, 42259, 1062
3070, 31, 3, 4, 0, 0, 1.62%, 0, 0, 1, 15.58, 42342, 1062
3075, 31, 3, 4, 0, 0, 1.62%, 0, 0, 1, 15.37, 42417, 1062
3080, 31, 3, 4, 0, 0, 1.62%, 0, 0, 1, 16.30, 42503, 1062
3085, 31, 3, 4, 0, 0, 1.62%, 0, 0, 1, 16.73, 42589, 1062
3091, 31, 3, 4, 0, 0, 1.62%, 0, 0, 1, 16.83, 42677, 1062
3096, 31, 3, 4, 0, 0, 1.62%, 0, 0, 1, 16.36, 42758, 1062
3101, 31, 3, 4, 0, 0, 1.62%, 0, 0, 1, 16.66, 42845, 1062
3106, 31, 3, 4, 0, 0, 1.62%, 0, 0, 1, 16.89, 42932, 1062
3111, 31, 3, 4, 0, 0, 1.62%, 0, 0, 1, 14.46, 43006, 1062
3117, 31, 3, 4, 0, 0, 1.62%, 0, 0, 1, 13.83, 43075, 1062
3122, 31, 3, 4, 0, 0, 1.62%, 0, 0, 1, 12.84, 43137, 1062
3127, 32, 3, 4, 0, 0, 1.62%, 0, 0, 1, 13.78, 43211, 1062
3132, 32, 3, 4, 0, 0, 1.62%, 0, 0, 1, 14.35, 43285, 1062
3137, 32, 3, 4, 0, 0, 1.62%, 0, 0, 1, 14.00, 43354, 1062
3142, 32, 3, 4, 0, 0, 1.62%, 0, 0, 1, 14.09, 43426, 1062
3147, 32, 3, 4, 0, 0, 1.62%, 0, 0, 1, 12.69, 43492, 1062
3152, 32, 3, 4, 0, 0, 1.62%, 0, 0, 1, 11.29, 43549, 1062
3157, 32, 3, 4, 0, 0, 1.62%, 0, 0, 1, 11.92, 43609, 1062
3162, 32, 3, 4, 0, 0, 1.62%, 0, 0, 1, 12.90, 43675, 1062
3167, 32, 3, 4, 0, 0, 1.62%, 0, 0, 1, 13.33, 43742, 1062
3173, 32, 3, 4, 0, 0, 1.62%, 0, 0, 1, 14.13, 43814, 1062
3178, 32, 3, 4, 0, 0, 1.62%, 0, 0, 1, 14.37, 43886, 1062
3183, 32, 3, 4, 0, 0, 1.62%, 0, 0, 1, 14.35, 43961, 1062
3188, 32, 3, 4, 0, 0, 1.62%, 0, 0, 1, 11.98, 44019, 1062
3193, 32, 3, 4, 0, 0, 1.62%, 0, 0, 1, 11.48, 44072, 1062
3198, 32, 3, 4, 0, 0, 1.62%, 0, 0, 1, 13.50, 44143, 1062
3203, 32, 3, 4, 0, 0, 1.62%, 0, 0, 1, 13.08, 44212, 1062
3208, 32, 3, 4, 0, 0, 1.62%, 0, 0, 1, 15.03, 44294, 1062
3214, 32, 3, 4, 0, 0, 1.62%, 0, 0, 1, 14.41, 44371, 1062
3219, 32, 3, 4, 0, 0, 1.62%, 0, 0, 1, 14.66, 44444, 1062
3224, 32, 3, 4, 0, 0, 1.62%, 0, 0, 1, 13.94, 44512, 1062
3229, 33, 3, 4, 0, 0, 1.62%, 0, 0, 1, 12.87, 44576, 1062
3234, 33, 3, 4, 0, 0, 1.62%, 0, 0, 1, 14.14, 44647, 1062
3239, 33, 3, 4, 0, 0, 1.62%, 0, 0, 1, 16.06, 44734, 1062
3244, 33, 3, 4, 0, 0, 1.62%, 0, 0, 1, 16.60, 44822, 1062
3249, 33, 3, 4, 0, 0, 1.62%, 0, 0, 1, 14.96, 44896, 1062
3255, 33, 3, 4, 0, 0, 1.62%, 0, 0, 1, 13.32, 44956, 1062
3260, 33, 3, 4, 0, 0, 1.62%, 0, 0, 1, 11.41, 45012, 1062
3265, 33, 3, 4, 0, 0, 1.62%, 0, 0, 1, 10.59, 45064, 1062
3270, 33, 3, 4, 0, 0, 1.62%, 0, 0, 1, 10.77, 45118, 1062
3275, 33, 3, 4, 0, 0, 1.62%, 0, 0, 1, 11.00, 45174, 1062
3280, 33, 3, 4, 0, 0, 1.62%, 0, 0, 1, 11.68, 45236, 1062
3285, 33, 3, 4, 0, 0, 1.62%, 0, 0, 1, 11.98, 45297, 1062
3290, 33, 3, 4, 0, 0, 1.62%, 0, 0, 1, 11.82, 45356, 1062
3295, 33, 3, 4, 0, 0, 1.62%, 0, 0, 1, 11.75, 45416, 1062
3300, 33, 3, 4, 0, 0, 1.62%, 0, 0, 1, 12.41, 45479, 1062
3306, 33, 3, 4, 0, 0, 1.62%, 0, 0, 1, 12.40, 45542, 1062
3311, 33, 3, 4, 0, 0, 1.62%, 0, 0, 1, 11.51, 45602, 1062
3316, 33, 3, 4, 0, 0, 1.62%, 0, 0, 1, 12.02, 45661, 1062
3321, 33, 3, 4, 0, 0, 1.62%, 0, 0, 1, 11.48, 45720, 1062
3326, 33, 3, 4, 0, 0, 1.62%, 0, 0, 1, 10.87, 45774, 1062
3331, 33, 3, 4, 0, 0, 1.62%, 0, 0, 1, 10.43, 45827, 1062
3336, 33, 3, 4, 0, 0, 1.62%, 0, 0, 1, 9.61, 45875, 1062
3341, 34, 3, 4, 0, 0, 1.62%, 0, 0, 1, 9.86, 45926, 1062
3346, 34, 3, 4, 0, 0, 1.62%, 0, 0, 1, 10.71, 45983, 1062
3352, 34, 3, 4, 0, 0, 1.62%, 0, 0, 1, 11.60, 46043, 1062
3357, 34, 3, 4, 0, 0, 1.62%, 0, 0, 1, 11.51, 46102, 1062
3362, 34, 3, 4, 0, 0, 1.62%, 0, 0, 1, 11.83, 46162, 1062
3367, 34, 3, 4, 0, 0, 1.62%, 0, 0, 1, 11.46, 46222, 1062
3372, 34, 3, 4, 0, 0, 1.62%, 0, 0, 1, 10.41, 46274, 1062
3377, 34, 3, 4, 0, 0, 1.62%, 0, 0, 1, 10.06, 46325, 1062
3382, 34, 3, 4, 0, 0, 1.62%, 0, 0, 1, 9.93, 46376, 1062
3387, 34, 3, 4, 0, 0, 1.62%, 0, 0, 1, 10.85, 46434, 1062
3393, 34, 3, 4, 0, 0, 1.62%, 0, 0, 1, 10.01, 46484, 1062
3398, 34, 3, 4, 0, 0, 1.62%, 0, 0, 1, 11.59, 46541, 1062
3403, 34, 3, 4, 0, 0, 1.62%, 0, 0, 1, 14.87, 46624, 1062
3408, 34, 3, 4, 0, 0, 1.62%, 0, 0, 1, 15.33, 46706, 1062
3413, 34, 3, 4, 0, 0, 1.62%, 0, 0, 1, 11.50, 46756, 1062
3418, 34, 3, 4, 0, 0, 1.62%, 0, 0, 1, 10.64, 46809, 1062
3423, 34, 3, 4, 0, 0, 1.62%, 0, 0, 1, 9.62, 46855, 1062
3428, 34, 3, 4, 0, 0, 1.62%, 0, 0, 1, 10.22, 46909, 1062
3433, 34, 3, 4, 0, 0, 1.62%, 0, 0, 1, 12.89, 46974, 1062
3438, 34, 3, 4, 0, 0, 1.62%, 0, 0, 1, 15.16, 47053, 1062
3443, 34, 3, 4, 0, 0, 1.62%, 0, 0, 1, 13.37, 47118, 1062
3449, 34, 3, 4, 0, 0, 1.62%, 0, 0, 1, 11.65, 47173, 1062
3454, 34, 3, 4, 0, 0, 1.62%, 0, 0, 1, 12.09, 47236, 1062
3459, 35, 3, 4, 0, 0, 1.62%, 0, 0, 1, 14.45, 47312, 1062
3464, 35, 3, 4, 0, 0, 1.62%, 0, 0, 1, 12.88, 47377, 1062
3469, 35, 3, 4, 0, 0, 1.62%, 0, 0, 1, 12.83, 47442, 1062
3474, 35, 3, 4, 0, 0, 1.62%, 0, 0, 1, 11.37, 47493, 1062
3479, 35, 3, 4, 0, 0, 1.62%, 0, 0, 1, 12.68, 47560, 1062
3484, 35, 3, 4, 0, 0, 1.62%, 0, 0, 1, 13.33, 47625, 1062
3489, 35, 3, 4, 0, 0, 1.62%, 0, 0, 1, 14.10, 47696, 1062
3494, 35, 3, 4, 0, 0, 1.62%, 0, 0, 1, 15.47, 47775, 1062
3499, 35, 3, 4, 0, 0, 1.62%, 0, 0, 1, 12.38, 47834, 1062
3504, 35, 3, 4, 0, 0, 1.62%, 0, 0, 1, 12.72, 47900, 1062
3510, 35, 3, 4, 0, 0, 1.62%, 0, 0, 1, 12.83, 47962, 1062
3515, 35, 3, 4, 0, 0, 1.62%, 0, 0, 1, 14.35, 48036, 1062
3520, 35, 3, 4, 0, 0, 1.62%, 0, 0, 1, 12.85, 48098, 1062
3525, 35, 3, 4, 0, 0, 1.62%, 0, 0, 1, 12.46, 48160, 1062
3530, 35, 3, 4, 0, 0, 1.62%, 0, 0, 1, 15.88, 48245, 1062
3535, 35, 3, 4, 0, 0, 1.62%, 0, 0, 1, 14.57, 48320, 1062
3540, 35, 3, 4, 0, 0, 1.62%, 0, 0, 1, 15.73, 48400, 1062
3545, 35, 3, 4, 0, 0, 1.62%, 0, 0, 1, 15.88, 48479, 1062
3550, 35, 3, 4, 0, 0, 1.62%, 0, 0, 1, 16.74, 48566, 1062
3556, 36, 3, 4, 0, 0, 1.62%, 0, 0, 1, 15.90, 48643, 1062
3561, 36, 3, 4, 0, 0, 1.62%, 0, 0, 1, 16.00, 48723, 1062
3566, 36, 3, 4, 0, 0, 1.62%, 0, 0, 1, 15.55, 48806, 1062
3571, 36, 3, 4, 0, 0, 1.62%, 0, 0, 1, 15.32, 48889, 1062
3576, 36, 3, 4, 0, 0, 1.62%, 0, 0, 1, 14.86, 48966, 1062
3581, 36, 3, 4, 0, 0, 1.62%, 0, 0, 1, 13.49, 49034, 1062
3586, 36, 3, 4, 0, 0, 1.62%, 0, 0, 1, 13.49, 49101, 1062
3591, 36, 3, 4, 0, 0, 1.62%, 0, 0, 1, 14.74, 49173, 1062
3596, 36, 3, 4, 0, 0, 1.62%, 0, 0, 1, 14.05, 49246, 1062
3602, 36, 3, 4, 0, 0, 1.62%, 0, 0, 1, 14.97, 49325, 1062
3607, 36, 3, 4, 0, 0, 1.62%, 0, 0, 1, 15.16, 49404, 1062
3612, 36, 3, 4, 0, 0, 1.62%, 0, 0, 1, 16.17, 49489, 1062
3617, 36, 3, 4, 0, 0, 1.62%, 0, 0, 1, 15.72, 49570, 1062
3622, 36, 3, 4, 0, 0, 1.62%, 0, 0, 1, 16.34, 49653, 1062
3627, 36, 3, 4, 0, 0, 1.62%, 0, 0, 1, 15.97, 49735, 1062
3632, 36, 3, 4, 0, 0, 1.62%, 0, 0, 1, 16.44, 49820, 1062
3638, 36, 3, 4, 0, 0, 1.62%, 0, 0, 1, 16.15, 49902, 1062
3643, 37, 3, 4, 0, 0, 1.62%, 0, 0, 1, 16.35, 49987, 1062
3648, 37, 3, 4, 0, 0, 1.62%, 0, 0, 1, 16.02, 50070, 1062
3653, 37, 3, 4, 0, 0, 1.62%, 0, 0, 1, 16.27, 50155, 1062
3658, 37, 3, 4, 0, 0, 1.62%, 0, 0, 1, 14.99, 50228, 1062
3663, 37, 3, 4, 0, 0, 1.62%, 0, 0, 1, 14.94, 50304, 1062
3668, 37, 3, 4, 0, 0, 1.62%, 0, 0, 1, 11.80, 50359, 1062
3673, 37, 3, 4, 0, 0, 1.62%, 0, 0, 1, 13.33, 50425, 1062
3678, 37, 3, 4, 0, 0, 1.62%, 0, 0, 1, 13.66, 50494, 1062
3684, 37, 3, 4, 0, 0, 1.62%, 0, 0, 1, 14.36, 50568, 1062
3689, 37, 3, 4, 0, 0, 1.62%, 0, 0, 1, 15.60, 50649, 1062
3694, 37, 3, 4, 0, 0, 1.62%, 0, 0, 1, 14.66, 50720, 1062
3699, 37, 3, 4, 0, 0, 1.62%, 0, 0, 1, 15.33, 50799, 1062
3704, 37, 3, 4, 0, 0, 1.62%, 0, 0, 1, 15.78, 50878, 1062
3709, 37, 3, 4, 0, 0, 1.62%, 0, 0, 1, 15.16, 50955, 1062
3714, 37, 3, 4, 0, 0, 1.62%, 0, 0, 1, 16.50, 51042, 1062
3719, 37, 3, 4, 0, 0, 1.62%, 0, 0, 1, 16.25, 51126, 1062
3724, 37, 3, 4, 0, 0, 1.62%, 0, 0, 1, 15.26, 51207, 1062
3729, 37, 3, 4, 0, 0, 1.62%, 0, 0, 1, 14.77, 51276, 1062
3735, 38, 3, 4, 0, 0, 1.62%, 0, 0, 1, 15.67, 51359, 1062
3740, 38, 3, 4, 0, 0, 1.62%, 0, 0, 1, 15.65, 51438, 1062
3745, 38, 3, 4, 0, 0, 1.62%, 0, 0, 1, 15.67, 51518, 1062
3750, 38, 3, 4, 0, 0, 1.62%, 0, 0, 1, 15.59, 51598, 1062
3755, 38, 3, 4, 0, 0, 1.62%, 0, 0, 1, 14.84, 51671, 1062
3760, 38, 3, 4, 0, 0, 1.62%, 0, 0, 1, 15.77, 51755, 1062
3766, 38, 3, 4, 0, 0, 1.62%, 0, 0, 1, 15.99, 51837, 1062
3771, 38, 3, 4, 0, 0, 1.62%, 0, 0, 1, 16.20, 51920, 1062
3776, 38, 3, 4, 0, 0, 1.62%, 0, 0, 1, 15.86, 52002, 1062
3781, 38, 3, 4, 0, 0, 1.62%, 0, 0, 1, 15.86, 52084, 1062
3786, 38, 3, 4, 0, 0, 1.62%, 0, 0, 1, 14.08, 52154, 1062
3791, 38, 3, 4, 0, 0, 1.62%, 0, 0, 1, 15.66, 52237, 1062
3797, 38, 3, 4, 0, 0, 1.62%, 0, 0, 1, 15.24, 52316, 1062
3802, 38, 3, 4, 0, 0, 1.62%, 0, 0, 1, 15.50, 52394, 1062
3807, 38, 3, 4, 0, 0, 1.62%, 0, 0, 1, 16.46, 52479, 1062
3812, 38, 3, 4, 0, 0, 1.62%, 0, 0, 1, 13.22, 52543, 1062
3817, 38, 3, 4, 0, 0, 1.62%, 0, 0, 1, 12.55, 52605, 1062
3822, 39, 3, 4, 0, 0, 1.62%, 0, 0, 1, 13.81, 52678, 1062
3827, 39, 3, 4, 0, 0, 1.62%, 0, 0, 1, 15.26, 52757, 1062
3832, 39, 3, 4, 0, 0, 1.62%, 0, 0, 1, 16.06, 52839, 1062
3837, 39, 3, 4, 0, 0, 1.62%, 0, 0, 1, 16.42, 52922, 1062
3842, 39, 3, 4, 0, 0, 1.62%, 0, 0, 1, 15.75, 53003, 1062
3848, 39, 3, 4, 0, 0, 1.62%, 0, 0, 1, 15.34, 53082, 1062
3853, 39, 3, 4, 0, 0, 1.62%, 0, 0, 1, 16.21, 53166, 1062
3858, 39, 3, 4, 0, 0, 1.62%, 0, 0, 1, 16.34, 53248, 1062
3863, 39, 3, 4, 0, 0, 1.62%, 0, 0, 1, 16.42, 53333, 1062
3868, 39, 3, 4, 0, 0, 1.62%, 0, 0, 1, 15.49, 53412, 1062
3873, 39, 3, 4, 0, 0, 1.62%, 0, 0, 1, 12.86, 53472, 1062
3878, 39, 3, 4, 0, 0, 1.62%, 0, 0, 1, 15.07, 53551, 1062
3883, 39, 3, 4, 0, 0, 1.62%, 0, 0, 1, 16.36, 53637, 1062
3888, 39, 3, 4, 0, 0, 1.62%, 0, 0, 1, 17.16, 53725, 1062
3893, 39, 3, 4, 0, 0, 1.62%, 0, 0, 1, 17.57, 53817, 1062
3899, 39, 3, 4, 0, 0, 1.62%, 0, 0, 1, 17.47, 53905, 1062
3904, 39, 3, 4, 0, 0, 1.62%, 0, 0, 1, 17.28, 53992, 1062
3909, 40, 3, 4, 0, 0, 1.62%, 0, 0, 1, 17.08, 54078, 1062
3914, 40, 3, 4, 0, 0, 1.62%, 0, 0, 1, 17.38, 54165, 1062
3919, 40, 3, 4, 0, 0, 1.62%, 0, 0, 1, 17.51, 54253, 1062
3924, 40, 3, 4, 0, 0, 1.62%, 0, 0, 1, 17.12, 54339, 1062
3929, 40, 3, 4, 0, 0, 1.62%, 0, 0, 1, 16.49, 54420, 1062
3934, 40, 3, 4, 0, 0, 1.62%, 0, 0, 1, 16.13, 54504, 1062
3939, 40, 3, 4, 0, 0, 1.62%, 0, 0, 1, 16.51, 54586, 1062
3944, 40, 3, 4, 0, 0, 1.62%, 0, 0, 1, 17.29, 54674, 1062
3949, 40, 3, 4, 0, 0, 1.62%, 0, 0, 1, 17.13, 54760, 1062
3954, 40, 3, 4, 0, 0, 1.62%, 0, 0, 1, 17.58, 54852, 1062
3959, 40, 3, 4, 0, 0, 1.62%, 0, 0, 1, 17.39, 54939, 1062
3965, 40, 3, 4, 0, 0, 1.62%, 0, 0, 1, 14.93, 55016, 1062
3970, 40, 3, 4, 0, 0, 1.62%, 0, 0, 1, 16.23, 55101, 1062
3975, 40, 3, 4, 0, 0, 1.62%, 0, 0, 1, 16.11, 55183, 1062
3980, 40, 3, 4, 0, 0, 1.62%, 0, 0, 1, 14.73, 55256, 1062
3985, 40, 3, 4, 0, 0, 1.62%, 0, 0, 1, 14.73, 55332, 1062
3990, 41, 3, 4, 0, 0, 1.62%, 0, 0, 1, 15.29, 55410, 1062
3995, 41, 3, 4, 0, 0, 1.62%, 0, 0, 1, 13.65, 55476, 1062
4000, 41, 3, 4, 0, 0, 1.62%, 0, 0, 1, 16.00, 55559, 1062
4005, 41, 3, 4, 0, 0, 1.62%, 0, 0, 1, 16.39, 55643, 1062
4010, 41, 3, 4, 0, 0, 1.62%, 0, 0, 1, 16.28, 55727, 1062
4015, 41, 3, 4, 0, 0, 1.62%, 0, 0, 1, 15.98, 55807, 1062
4020, 41, 3, 4, 0, 0, 1.62%, 0, 0, 1, 14.42, 55876, 1062
4026, 41, 3, 4, 0, 0, 1.62%, 0, 0, 1, 13.87, 55947, 1062
4031, 41, 3, 4, 0, 0, 1.62%, 0, 0, 1, 15.47, 56029, 1062
4036, 41, 3, 4, 0, 0, 1.62%, 0, 0, 1, 15.18, 56103, 1062
4041, 41, 3, 4, 0, 0, 1.62%, 0, 0, 1, 15.78, 56187, 1062
4046, 41, 3, 4, 0, 0, 1.62%, 0, 0, 1, 15.35, 56262, 1062
4051, 41, 3, 4, 0, 0, 1.62%, 0, 0, 1, 15.66, 56344, 1062
4056, 41, 3, 4, 0, 0, 1.62%, 0, 0, 1, 15.91, 56425, 1062
4061, 41, 3, 4, 0, 0, 1.62%, 0, 0, 1, 15.00, 56497, 1062
4067, 41, 3, 4, 0, 0, 1.62%, 0, 0, 1, 15.75, 56580, 1062
4072, 41, 3, 4, 0, 0, 1.62%, 0, 0, 1, 16.89, 56668, 1062
4077, 42, 3, 4, 0, 0, 1.62%, 0, 0, 1, 16.66, 56754, 1062
4082, 42, 3, 4, 0, 0, 1.62%, 0, 0, 1, 17.42, 56846, 1062
4087, 42, 3, 4, 0, 0, 1.62%, 0, 0, 1, 17.18, 56933, 1062
4092, 42, 3, 4, 0, 0, 1.62%, 0, 0, 1, 16.11, 57016, 1062
4097, 42, 3, 4, 0, 0, 1.62%, 0, 0, 1, 15.25, 57091, 1062
4103, 42, 3, 4, 0, 0, 1.62%, 0, 0, 1, 15.86, 57173, 1062
4108, 42, 3, 4, 0, 0, 1.62%, 0, 0, 1, 16.08, 57255, 1062
4113, 42, 3, 4, 0, 0, 1.62%, 0, 0, 1, 15.99, 57336, 1062
4118, 42, 3, 4, 0, 0, 1.62%, 0, 0, 1, 14.41, 57409, 1062
4123, 42, 3, 4, 0, 0, 1.62%, 0, 0, 1, 14.60, 57486, 1062
4128, 42, 3, 4, 0, 0, 1.62%, 0, 0, 1, 15.97, 57569, 1062
4133, 42, 3, 4, 0, 0, 1.62%, 0, 0, 1, 15.53, 57651, 1062
4138, 42, 3, 4, 0, 0, 1.62%, 0, 0, 1, 14.56, 57725, 1062
4144, 42, 3, 4, 0, 0, 1.62%, 0, 0, 1, 11.40, 57784, 1062
4149, 42, 3, 4, 0, 0, 1.62%, 0, 0, 1, 11.90, 57845, 1062
4154, 42, 3, 4, 0, 0, 1.62%, 0, 0, 1, 12.51, 57910, 1062
4159, 42, 3, 4, 0, 0, 1.62%, 0, 0, 1, 13.11, 57978, 1062
4164, 42, 3, 4, 0, 0, 1.62%, 0, 0, 1, 13.65, 58047, 1062
4169, 43, 3, 4, 0, 0, 1.62%, 0, 0, 1, 12.83, 58109, 1062
4174, 43, 3, 4, 0, 0, 1.62%, 0, 0, 1, 12.30, 58173, 1062
4179, 43, 3, 4, 0, 0, 1.62%, 0, 0, 1, 15.32, 58256, 1062
4185, 43, 3, 4, 0, 0, 1.62%, 0, 0, 1, 14.03, 58328, 1062
4190, 43, 3, 4, 0, 0, 1.62%, 0, 0, 1, 13.58, 58396, 1062
4195, 43, 3, 4, 0, 0, 1.62%, 0, 0, 1, 15.78, 58480, 1062
4200, 43, 3, 4, 0, 0, 1.62%, 0, 0, 1, 16.16, 58561, 1062
4205, 43, 3, 4, 0, 0, 1.62%, 0, 0, 1, 15.36, 58639, 1062
4210, 43, 3, 4, 0, 0, 1.62%, 0, 0, 1, 15.86, 58718, 1062
4215, 43, 3, 4, 0, 0, 1.62%, 0, 0, 1, 16.71, 58804, 1062
4220, 43, 3, 4, 0, 0, 1.62%, 0, 0, 1, 15.91, 58883, 1062
4225, 43, 3, 4, 0, 0, 1.62%, 0, 0, 1, 15.77, 58962, 1062
4230, 43, 3, 4, 0, 0, 1.62%, 0, 0, 1, 14.18, 59033, 1062
4235, 43, 3, 4, 0, 0, 1.62%, 0, 0, 1, 14.35, 59107, 1062
4240, 43, 3, 4, 0, 0, 1.62%, 0, 0, 1, 14.54, 59178, 1062
4246, 43, 3, 4, 0, 0, 1.62%, 0, 0, 1, 13.26, 59244, 1062
4251, 43, 3, 4, 0, 0, 1.62%, 0, 0, 1, 12.81, 59308, 1062
4256, 43, 3, 4, 0, 0, 1.62%, 0, 0, 1, 12.22, 59370, 1062
4261, 44, 3, 4, 0, 0, 1.62%, 0, 0, 1, 12.76, 59439, 1062
4266, 44, 3, 4, 0, 0, 1.62%, 0, 0, 1, 12.67, 59503, 1062
4271, 44, 3, 4, 0, 0, 1.62%, 0, 0, 1, 12.08, 59565, 1062
4276, 44, 3, 4, 0, 0, 1.62%, 0, 0, 1, 13.16, 59635, 1062
4282, 44, 3, 4, 0, 0, 1.62%, 0, 0, 1, 13.28, 59701, 1062
4287, 44, 3, 4, 0, 0, 1.62%, 0, 0, 1, 13.00, 59767, 1062
4292, 44, 3, 4, 0, 0, 1.62%, 0, 0, 1, 13.74, 59839, 1062
4297, 44, 3, 4, 0, 0, 1.62%, 0, 0, 1, 16.17, 59925, 1062
4302, 44, 3, 4, 0, 0, 1.62%, 0, 0, 1, 16.28, 60011, 1062
4307, 44, 3, 4, 0, 0, 1.62%, 0, 0, 1, 16.90, 60095, 1062
4312, 44, 3, 4, 0, 0, 1.62%, 0, 0, 1, 17.04, 60181, 1062
4317, 44, 3, 4, 0, 0, 1.62%, 0, 0, 1, 15.07, 60259, 1062
4323, 44, 3, 4, 0, 0, 1.62%, 0, 0, 1, 14.57, 60336, 1062
4328, 44, 3, 4, 0, 0, 1.62%, 0, 0, 1, 14.07, 60407, 1062
4333, 44, 3, 4, 0, 0, 1.62%, 0, 0, 1, 14.46, 60482, 1062
4338, 44, 3, 4, 0, 0, 1.62%, 0, 0, 1, 12.81, 60542, 1062
4343, 44, 3, 4, 0, 0, 1.62%, 0, 0, 1, 13.07, 60607, 1062
4348, 44, 3, 4, 0, 0, 1.62%, 0, 0, 1, 13.05, 60670, 1062
4353, 44, 3, 4, 0, 0, 1.62%, 0, 0, 1, 13.97, 60740, 1062
4358, 45, 3, 4, 0, 0, 1.62%, 0, 0, 1, 15.74, 60823, 1062
4363, 45, 3, 4, 0, 0, 1.62%, 0, 0, 1, 16.67, 60911, 1062
4368, 45, 3, 4, 0, 0, 1.62%, 0, 0, 1, 17.24, 60999, 1062
4373, 45, 3, 4, 0, 0, 1.62%, 0, 0, 1, 14.99, 61074, 1062
4378, 45, 3, 4, 0, 0, 1.62%, 0, 0, 1, 13.40, 61143, 1062
4384, 45, 3, 4, 0, 0, 1.62%, 0, 0, 1, 15.61, 61225, 1062
4389, 45, 3, 4, 0, 0, 1.62%, 0, 0, 1, 16.42, 61305, 1062
4394, 45, 3, 4, 0, 0, 1.62%, 0, 0, 1, 15.13, 61377, 1062
4399, 45, 3, 4, 0, 0, 1.62%, 0, 0, 1, 15.11, 61456, 1062
4404, 45, 3, 4, 0, 0, 1.62%, 0, 0, 1, 14.63, 61527, 1062
4409, 45, 3, 4, 0, 0, 1.62%, 0, 0, 1, 15.12, 61606, 1062
4414, 45, 3, 4, 0, 0, 1.62%, 0, 0, 1, 14.76, 61680, 1062
4419, 45, 3, 4, 0, 0, 1.62%, 0, 0, 1, 16.59, 61767, 1062
4425, 45, 3, 4, 0, 0, 1.62%, 0, 0, 1, 15.12, 61845, 1062
4430, 45, 3, 4, 0, 0, 1.62%, 0, 0, 1, 14.07, 61918, 1062
4435, 45, 3, 4, 0, 0, 1.62%, 0, 0, 1, 12.85, 61983, 1062
4440, 45, 3, 4, 0, 0, 1.62%, 0, 0, 1, 13.85, 62053, 1062
4445, 46, 3, 4, 0, 0, 1.62%, 0, 0, 1, 13.66, 62121, 1062
4450, 46, 3, 4, 0, 0, 1.62%, 0, 0, 1, 15.45, 62200, 1062
4455, 46, 3, 4, 0, 0, 1.62%, 0, 0, 1, 16.92, 62287, 1062
4460, 46, 3, 4, 0, 0, 1.62%, 0, 0, 1, 16.12, 62368, 1062
4465, 46, 3, 4, 0, 0, 1.62%, 0, 0, 1, 14.43, 62437, 1062
4470, 46, 3, 4, 0, 0, 1.62%, 0, 0, 1, 16.21, 62525, 1062
4475, 46, 3, 4, 0, 0, 1.62%, 0, 0, 1, 14.58, 62596, 1062
4480, 46, 3, 4, 0, 0, 1.62%, 0, 0, 1, 13.80, 62660, 1062
4486, 46, 3, 4, 0, 0, 1.62%, 0, 0, 1, 15.00, 62736, 1062
4491, 46, 3, 4, 0, 0, 1.62%, 0, 0, 1, 16.48, 62819, 1062
4496, 46, 3, 4, 0, 0, 1.62%, 0, 0, 1, 15.26, 62895, 1062
4501, 46, 3, 4, 0, 0, 1.62%, 0, 0, 1, 13.04, 62957, 1062
4506, 46, 3, 4, 0, 0, 1.62%, 0, 0, 1, 14.74, 63036, 1062
4511, 46, 3, 4, 0, 0, 1.62%, 0, 0, 1, 14.29, 63112, 1062
4516, 46, 3, 4, 0, 0, 1.62%, 0, 0, 1, 13.51, 63178, 1062
4521, 46, 3, 4, 0, 0, 1.62%, 0, 0, 1, 14.57, 63254, 1062
4526, 46, 3, 4, 0, 0, 1.62%, 0, 0, 1, 14.82, 63330, 1062
4532, 46, 3, 4, 0, 0, 1.62%, 0, 0, 1, 14.42, 63404, 1062
4537, 47, 3, 4, 0, 0, 1.62%, 0, 0, 1, 13.84, 63472, 1062
4542, 47, 3, 4, 0, 0, 1.62%, 0, 0, 1, 15.32, 63551, 1062
4547, 47, 3, 4, 0, 0, 1.62%, 0, 0, 1, 15.73, 63634, 1062
4552, 47, 3, 4, 0, 0, 1.62%, 0, 0, 1, 16.71, 63717, 1062
4557, 47, 3, 4, 0, 0, 1.62%, 0, 0, 1, 15.34, 63791, 1062
4562, 47, 3, 4, 0, 0, 1.62%, 0, 0, 1, 15.44, 63870, 1062
4567, 47, 3, 4, 0, 0, 1.62%, 0, 0, 1, 16.73, 63956, 1062
4573, 47, 3, 4, 0, 0, 1.62%, 0, 0, 1, 16.22, 64040, 1062
4578, 47, 3, 4, 0, 0, 1.62%, 0, 0, 1, 16.85, 64128, 1062
4583, 47, 3, 4, 0, 0, 1.62%, 0, 0, 1, 17.30, 64216, 1062
4588, 47, 3, 4, 0, 0, 1.62%, 0, 0, 1, 17.28, 64304, 1062
4593, 47, 3, 4, 0, 0, 1.62%, 0, 0, 1, 17.20, 64390, 1062
4598, 47, 3, 4, 0, 0, 1.62%, 0, 0, 1, 17.28, 64477, 1062
4603, 47, 3, 4, 0, 0, 1.62%, 0, 0, 1, 17.19, 64565, 1062
4608, 47, 3, 4, 0, 0, 1.62%, 0, 0, 1, 14.65, 64634, 1062
4613, 47, 3, 4, 0, 0, 1.62%, 0, 0, 1, 14.62, 64709, 1062
4618, 47, 3, 4, 0, 0, 1.62%, 0, 0, 1, 14.28, 64779, 1062
4623, 48, 3, 4, 0, 0, 1.62%, 0, 0, 1, 14.48, 64854, 1062
4629, 48, 3, 4, 0, 0, 1.62%, 0, 0, 1, 14.28, 64927, 1062
4634, 48, 3, 4, 0, 0, 1.62%, 0, 0, 1, 14.34, 65000, 1062
4639, 48, 3, 4, 0, 0, 1.62%, 0, 0, 1, 14.88, 65078, 1062
4644, 48, 3, 4, 0, 0, 1.62%, 0, 0, 1, 14.86, 65155, 1062
4649, 48, 3, 4, 0, 0, 1.62%, 0, 0, 1, 15.63, 65237, 1062
4654, 48, 3, 4, 0, 0, 1.62%, 0, 0, 1, 16.94, 65325, 1062
4660, 48, 3, 4, 0, 0, 1.62%, 0, 0, 1, 17.26, 65416, 1062
4665, 48, 3, 4, 0, 0, 1.62%, 0, 0, 1, 15.93, 65500, 1062
4670, 48, 3, 4, 0, 0, 1.62%, 0, 0, 1, 15.99, 65579, 1062
4675, 48, 3, 4, 0, 0, 1.62%, 0, 0, 1, 14.45, 65652, 1062
4680, 48, 3, 4, 0, 0, 1.62%, 0, 0, 1, 14.94, 65729, 1062
4685, 48, 3, 4, 0, 0, 1.62%, 0, 0, 1, 14.07, 65799, 1062
4690, 48, 3, 4, 0, 0, 1.62%, 0, 0, 1, 13.76, 65868, 1062
4695, 48, 3, 4, 0, 0, 1.62%, 0, 0, 1, 16.37, 65952, 1062
4700, 48, 3, 4, 0, 0, 1.62%, 0, 0, 1, 16.10, 66037, 1062
4706, 48, 3, 4, 0, 0, 1.62%, 0, 0, 1, 15.88, 66115, 1062
4711, 49, 3, 4, 0, 0, 1.62%, 0, 0, 1, 16.47, 66202, 1062
4716, 49, 3, 4, 0, 0, 1.62%, 0, 0, 1, 16.44, 66287, 1062
4721, 49, 3, 4, 0, 0, 1.62%, 0, 0, 1, 15.78, 66366, 1062
4726, 49, 3, 4, 0, 0, 1.62%, 0, 0, 1, 15.87, 66448, 1062
4731, 49, 3, 4, 0, 0, 1.62%, 0, 0, 1, 13.95, 66518, 1062
4737, 49, 3, 4, 0, 0, 1.62%, 0, 0, 1, 13.78, 66587, 1062
4742, 49, 3, 4, 0, 0, 1.62%, 0, 0, 1, 14.29, 66660, 1062
4747, 49, 3, 4, 0, 0, 1.62%, 0, 0, 1, 12.63, 66725, 1062
4752, 49, 3, 4, 0, 0, 1.62%, 0, 0, 1, 12.63, 66792, 1062
4757, 49, 3, 4, 0, 0, 1.62%, 0, 0, 1, 12.46, 66856, 1062
4762, 49, 3, 4, 0, 0, 1.62%, 0, 0, 1, 14.78, 66933, 1062
4767, 49, 3, 4, 0, 0, 1.62%, 0, 0, 1, 15.87, 67016, 1062
4772, 49, 3, 4, 0, 0, 1.62%, 0, 0, 1, 16.22, 67097, 1062
4777, 49, 3, 4, 0, 0, 1.62%, 0, 0, 1, 16.83, 67183, 1062
4782, 49, 3, 4, 0, 0, 1.62%, 0, 0, 1, 15.28, 67256, 1062
4788, 49, 3, 4, 0, 0, 1.62%, 0, 0, 1, 15.42, 67335, 1062
4793, 49, 3, 4, 0, 0, 1.62%, 0, 0, 1, 14.49, 67407, 1062
4798, 49, 3, 4, 0, 0, 1.62%, 0, 0, 1, 12.92, 67475, 1062
4803, 50, 3, 4, 0, 0, 1.62%, 0, 0, 1, 12.39, 67535, 1062
4808, 50, 3, 4, 0, 0, 1.62%, 0, 0, 1, 11.35, 67592, 1062
4813, 50, 3, 4, 0, 0, 1.62%, 0, 0, 1, 10.83, 67647, 1062
4818, 50, 3, 4, 0, 0, 1.62%, 0, 0, 1, 10.30, 67700, 1062
4824, 50, 3, 4, 0, 0, 1.62%, 0, 0, 1, 9.75, 67750, 1062
4829, 50, 3, 4, 0, 0, 1.62%, 0, 0, 1, 10.73, 67809, 1062
4834, 50, 3, 4, 0, 0, 1.62%, 0, 0, 1, 12.08, 67873, 1062
4839, 50, 3, 4, 0, 0, 1.62%, 0, 0, 1, 11.85, 67937, 1062
4844, 50, 3, 4, 0, 0, 1.62%, 0, 0, 1, 13.52, 68008, 1062
4849, 50, 3, 4, 0, 0, 1.62%, 0, 0, 1, 15.36, 68092, 1062
4855, 50, 3, 4, 0, 0, 1.62%, 0, 0, 1, 13.55, 68159, 1062
4860, 50, 3, 4, 0, 0, 1.62%, 0, 0, 1, 10.13, 68206, 1062
4865, 50, 3, 4, 0, 0, 1.62%, 0, 0, 1, 11.34, 68268, 1062
4870, 50, 3, 4, 0, 0, 1.62%, 0, 0, 1, 15.38, 68353, 1062
4875, 50, 3, 4, 0, 0, 1.62%, 0, 0, 1, 14.96, 68430, 1062
4880, 50, 3, 4, 0, 0, 1.62%, 0, 0, 1, 15.22, 68507, 1062
4886, 50, 3, 4, 0, 0, 1.62%, 0, 0, 1, 16.33, 68594, 1062
4891, 50, 3, 4, 0, 0, 1.62%, 0, 0, 1, 15.85, 68669, 1062
4896, 50, 3, 4, 0, 0, 1.62%, 0, 0, 1, 16.02, 68751, 1062
4901, 50, 3, 4, 0, 0, 1.62%, 0, 0, 1, 15.15, 68827, 1062
4906, 51, 3, 4, 0, 0, 1.62%, 0, 0, 1, 15.31, 68905, 1062
4911, 51, 3, 4, 0, 0, 1.62%, 0, 0, 1, 15.05, 68981, 1062
4916, 51, 3, 4, 0, 0, 1.62%, 0, 0, 1, 15.48, 69061, 1062
4921, 51, 3, 4, 0, 0, 1.62%, 0, 0, 1, 15.00, 69135, 1062
4926, 51, 3, 4, 0, 0, 1.62%, 0, 0, 1, 11.52, 69186, 1062
4931, 51, 3, 4, 0, 0, 1.62%, 0, 0, 1, 10.78, 69240, 1062
4937, 51, 3, 4, 0, 0, 1.62%, 0, 0, 1, 11.12, 69292, 1062
4942, 51, 3, 4, 0, 0, 1.62%, 0, 0, 1, 11.88, 69352, 1062
4947, 51, 3, 4, 0, 0, 1.62%, 0, 0, 1, 11.25, 69412, 1062
4952, 51, 3, 4, 0, 0, 1.62%, 0, 0, 1, 12.37, 69474, 1062
4957, 51, 3, 4, 0, 0, 1.62%, 0, 0, 1, 15.28, 69557, 1062
4962, 51, 3, 4, 0, 0, 1.62%, 0, 0, 1, 14.46, 69627, 1062
4967, 51, 3, 4, 0, 0, 1.62%, 0, 0, 1, 15.78, 69713, 1062
4973, 51, 3, 4, 0, 0, 1.62%, 0, 0, 1, 16.38, 69800, 1062
4978, 51, 3, 4, 0, 0, 1.62%, 0, 0, 1, 15.32, 69873, 1062
4983, 51, 3, 4, 0, 0, 1.62%, 0, 0, 1, 15.18, 69949, 1062
4988, 51, 3, 4, 0, 0, 1.62%, 0, 0, 1, 15.13, 70027, 1062
4993, 51, 3, 4, 0, 0, 1.62%, 0, 0, 1, 15.48, 70108, 1062
4998, 51, 3, 4, 0, 0, 1.62%, 0, 0, 1, 16.72, 70196, 1062
5003, 52, 3, 4, 0, 0, 1.62%, 0, 0, 1, 15.49, 70273, 1062
5008, 52, 3, 4, 0, 0, 1.62%, 0, 0, 1, 16.18, 70356, 1062
5013, 52, 3, 4, 0, 0, 1.62%, 0, 0, 1, 16.97, 70444, 1062
5018, 52, 3, 4, 0, 0, 1.62%, 0, 0, 1, 17.19, 70532, 1062
5023, 52, 3, 4, 0, 0, 1.62%, 0, 0, 1, 16.51, 70610, 1062
5029, 52, 3, 4, 0, 0, 1.62%, 0, 0, 1, 16.77, 70696, 1062
5034, 52, 3, 4, 0, 0, 1.62%, 0, 0, 1, 16.91, 70783, 1062
5039, 52, 3, 4, 0, 0, 1.62%, 0, 0, 1, 15.85, 70864, 1062
5044, 52, 3, 4, 0, 0, 1.62%, 0, 0, 1, 16.83, 70948, 1062
5049, 52, 3, 4, 0, 0, 1.62%, 0, 0, 1, 16.30, 71034, 1062
5054, 52, 3, 4, 0, 0, 1.62%, 0, 0, 1, 13.74, 71102, 1062
5059, 52, 3, 4, 0, 0, 1.62%, 0, 0, 1, 15.98, 71187, 1062
5064, 52, 3, 4, 0, 0, 1.62%, 0, 0, 1, 16.76, 71273, 1062
5070, 52, 3, 4, 0, 0, 1.62%, 0, 0, 1, 16.77, 71359, 1062
5075, 52, 3, 4, 0, 0, 1.62%, 0, 0, 1, 15.25, 71436, 1062
5080, 52, 3, 4, 0, 0, 1.62%, 0, 0, 1, 13.96, 71506, 1062
5085, 53, 3, 4, 0, 0, 1.62%, 0, 0, 1, 14.36, 71581, 1062
5090, 53, 3, 4, 0, 0, 1.62%, 0, 0, 1, 15.27, 71657, 1062
5095, 53, 3, 4, 0, 0, 1.62%, 0, 0, 1, 16.48, 71742, 1062
5100, 53, 3, 4, 0, 0, 1.62%, 0, 0, 1, 16.62, 71825, 1062
5105, 53, 3, 4, 0, 0, 1.62%, 0, 0, 1, 17.25, 71913, 1062
5110, 53, 3, 4, 0, 0, 1.62%, 0, 0, 1, 17.16, 72002, 1062
5115, 53, 3, 4, 0, 0, 1.62%, 0, 0, 1, 16.05, 72084, 1062
5120, 53, 3, 4, 0, 0, 1.62%, 0, 0, 1, 17.00, 72171, 1062
5126, 53, 3, 4, 0, 0, 1.62%, 0, 0, 1, 16.65, 72257, 1062
6577, 53, 3, 4, 0, 0, 1.62%, 0, 0, 1, 0.00, 72313, 1062
6579, 53, 3, 4, 0, 0, 1.62%, 0, 0, 1, 0.00, 72324, 1062
