# relative_time, cycles_done, cur_item, corpus_count, pending_total, pending_favs, map_size, saved_crashes, saved_hangs, max_depth, execs_per_sec, total_execs, edges_found
61, 7, 0, 1, 0, 0, 1.48%, 0, 0, 1, 30.07, 1984, 972
66, 8, 0, 1, 0, 0, 1.48%, 0, 0, 1, 29.11, 2137, 972
72, 8, 0, 1, 0, 0, 1.48%, 0, 0, 1, 27.74, 2280, 972
77, 9, 0, 1, 0, 0, 1.48%, 0, 0, 1, 30.16, 2444, 972
82, 9, 0, 1, 0, 0, 1.48%, 0, 0, 1, 22.29, 2553, 972
87, 10, 0, 1, 0, 0, 1.48%, 0, 0, 1, 29.89, 2714, 972
92, 10, 0, 1, 0, 0, 1.48%, 0, 0, 1, 30.06, 2869, 972
97, 11, 0, 1, 0, 0, 1.48%, 0, 0, 1, 29.32, 3023, 972
103, 11, 0, 1, 0, 0, 1.48%, 0, 0, 1, 26.23, 3159, 972
108, 12, 0, 1, 0, 0, 1.48%, 0, 0, 1, 24.66, 3281, 972
113, 12, 0, 1, 0, 0, 1.48%, 0, 0, 1, 29.37, 3443, 972
118, 13, 0, 1, 0, 0, 1.48%, 0, 0, 1, 28.21, 3585, 972
123, 13, 0, 1, 0, 0, 1.48%, 0, 0, 1, 28.82, 3734, 972
128, 14, 0, 1, 0, 0, 1.48%, 0, 0, 1, 25.68, 3863, 972
134, 14, 0, 1, 0, 0, 1.48%, 0, 0, 1, 27.44, 4005, 972
139, 15, 0, 1, 0, 0, 1.48%, 0, 0, 1, 31.12, 4170, 972
144, 16, 0, 1, 0, 0, 1.48%, 0, 0, 1, 29.45, 4312, 972
149, 16, 0, 1, 0, 0, 1.48%, 0, 0, 1, 30.89, 4473, 972
154, 17, 0, 1, 0, 0, 1.48%, 0, 0, 1, 33.47, 4646, 972
159, 17, 0, 1, 0, 0, 1.48%, 0, 0, 1, 32.70, 4821, 972
164, 18, 0, 1, 0, 0, 1.48%, 0, 0, 1, 28.62, 4956, 972
169, 18, 0, 1, 0, 0, 1.48%, 0, 0, 1, 25.00, 5069, 972
175, 19, 0, 1, 0, 0, 1.48%, 0, 0, 1, 28.72, 5224, 972
180, 20, 0, 1, 0, 0, 1.48%, 0, 0, 1, 34.34, 5409, 972
185, 20, 0, 1, 0, 0, 1.48%, 0, 0, 1, 32.65, 5577, 972
190, 21, 0, 1, 0, 0, 1.48%, 0, 0, 1, 30.01, 5726, 972
195, 21, 0, 1, 0, 0, 1.48%, 0, 0, 1, 26.02, 5855, 972
200, 22, 0, 1, 0, 0, 1.48%, 0, 0, 1, 33.31, 6036, 972
205, 22, 0, 1, 0, 0, 1.48%, 0, 0, 1, 29.51, 6181, 972
210, 23, 0, 1, 0, 0, 1.48%, 0, 0, 1, 28.11, 6328, 972
216, 23, 0, 1, 0, 0, 1.48%, 0, 0, 1, 31.33, 6484, 972
221, 24, 0, 1, 0, 0, 1.48%, 0, 0, 1, 28.51, 6635, 972
226, 25, 0, 1, 0, 0, 1.48%, 0, 0, 1, 29.47, 6785, 972
231, 25, 0, 1, 0, 0, 1.48%, 0, 0, 1, 25.11, 6901, 972
236, 26, 0, 1, 0, 0, 1.48%, 0, 0, 1, 28.24, 7047, 972
241, 26, 0, 1, 0, 0, 1.48%, 0, 0, 1, 30.19, 7209, 972
246, 27, 0, 1, 0, 0, 1.48%, 0, 0, 1, 29.02, 7354, 972
252, 27, 0, 1, 0, 0, 1.48%, 0, 0, 1, 32.29, 7526, 972
257, 28, 0, 1, 0, 0, 1.48%, 0, 0, 1, 26.01, 7654, 972
262, 28, 0, 1, 0, 0, 1.48%, 0, 0, 1, 26.07, 7778, 972
267, 29, 0, 1, 0, 0, 1.48%, 0, 0, 1, 30.83, 7943, 972
272, 29, 0, 1, 0, 0, 1.48%, 0, 0, 1, 33.45, 8115, 972
277, 30, 0, 1, 0, 0, 1.48%, 0, 0, 1, 32.88, 8288, 972
282, 31, 0, 1, 0, 0, 1.48%, 0, 0, 1, 31.24, 8450, 972
287, 31, 0, 1, 0, 0, 1.48%, 0, 0, 1, 29.79, 8604, 972
293, 32, 0, 1, 0, 0, 1.48%, 0, 0, 1, 26.47, 8733, 972
298, 32, 0, 1, 0, 0, 1.48%, 0, 0, 1, 26.60, 8878, 972
303, 33, 0, 1, 0, 0, 1.48%, 0, 0, 1, 30.77, 9034, 972
308, 33, 0, 1, 0, 0, 1.48%, 0, 0, 1, 29.17, 9178, 972
313, 34, 0, 1, 0, 0, 1.48%, 0, 0, 1, 28.48, 9322, 972
318, 34, 0, 1, 0, 0, 1.48%, 0, 0, 1, 26.29, 9467, 972
323, 35, 0, 1, 0, 0, 1.48%, 0, 0, 1, 26.60, 9601, 972
328, 36, 0, 1, 0, 0, 1.48%, 0, 0, 1, 32.37, 9772, 972
333, 36, 0, 1, 0, 0, 1.48%, 0, 0, 1, 28.57, 9910, 972
339, 37, 0, 1, 0, 0, 1.48%, 0, 0, 1, 27.33, 10064, 972
344, 37, 0, 1, 0, 0, 1.48%, 0, 0, 1, 23.72, 10177, 972
349, 38, 0, 1, 0, 0, 1.48%, 0, 0, 1, 26.88, 10317, 972
354, 38, 0, 1, 0, 0, 1.48%, 0, 0, 1, 30.76, 10479, 972
359, 39, 0, 1, 0, 0, 1.48%, 0, 0, 1, 29.82, 10630, 972
364, 39, 0, 1, 0, 0, 1.48%, 0, 0, 1, 30.39, 10790, 972
369, 40, 0, 1, 0, 0, 1.48%, 0, 0, 1, 28.75, 10941, 972
375, 40, 0, 1, 0, 0, 1.48%, 0, 0, 1, 27.67, 11078, 972
380, 41, 0, 1, 0, 0, 1.48%, 0, 0, 1, 27.24, 11216, 972
385, 41, 0, 1, 0, 0, 1.48%, 0, 0, 1, 23.70, 11334, 972
390, 42, 0, 1, 0, 0, 1.48%, 0, 0, 1, 26.80, 11473, 972
395, 42, 0, 1, 0, 0, 1.48%, 0, 0, 1, 26.81, 11610, 972
400, 43, 0, 1, 0, 0, 1.48%, 0, 0, 1, 23.05, 11724, 972
405, 43, 0, 1, 0, 0, 1.48%, 0, 0, 1, 25.55, 11863, 972
410, 44, 0, 1, 0, 0, 1.48%, 0, 0, 1, 26.13, 11995, 972
415, 44, 0, 1, 0, 0, 1.48%, 0, 0, 1, 28.84, 12136, 972
420, 45, 0, 1, 0, 0, 1.48%, 0, 0, 1, 41.08, 12364, 972
425, 46, 0, 1, 0, 0, 1.48%, 0, 0, 1, 42.03, 12576, 972
430, 47, 0, 1, 0, 0, 1.48%, 0, 0, 1, 43.97, 12798, 972
435, 47, 0, 1, 0, 0, 1.48%, 0, 0, 1, 43.72, 13018, 972
441, 48, 0, 1, 0, 0, 1.48%, 0, 0, 1, 38.64, 13201, 972
446, 49, 0, 1, 0, 0, 1.48%, 0, 0, 1, 42.44, 13418, 972
451, 50, 0, 1, 0, 0, 1.48%, 0, 0, 1, 43.46, 13641, 972
456, 50, 0, 1, 0, 0, 1.48%, 0, 0, 1, 43.66, 13862, 972
461, 51, 0, 1, 0, 0, 1.48%, 0, 0, 1, 43.95, 14087, 972
466, 52, 0, 1, 0, 0, 1.48%, 0, 0, 1, 43.80, 14307, 972
471, 53, 0, 1, 0, 0, 1.48%, 0, 0, 1, 43.40, 14525, 972
476, 54, 0, 1, 0, 0, 1.48%, 0, 0, 1, 43.36, 14746, 972
481, 55, 0, 1, 0, 0, 1.48%, 0, 0, 1, 43.72, 14969, 972
486, 55, 0, 1, 0, 0, 1.48%, 0, 0, 1, 43.69, 15189, 972
491, 56, 0, 1, 0, 0, 1.48%, 0, 0, 1, 44.16, 15412, 972
496, 57, 0, 1, 0, 0, 1.48%, 0, 0, 1, 44.02, 15635, 972
501, 58, 0, 1, 0, 0, 1.48%, 0, 0, 1, 40.90, 15830, 972
506, 59, 0, 1, 0, 0, 1.48%, 0, 0, 1, 42.84, 16050, 972
512, 59, 0, 1, 0, 0, 1.48%, 0, 0, 1, 34.40, 16236, 972
517, 60, 0, 1, 0, 0, 1.48%, 0, 0, 1, 40.27, 16443, 972
522, 61, 0, 1, 0, 0, 1.48%, 0, 0, 1, 43.76, 16669, 972
527, 62, 0, 1, 0, 0, 1.48%, 0, 0, 1, 43.28, 16887, 972
532, 62, 0, 1, 0, 0, 1.48%, 0, 0, 1, 41.39, 17103, 972
537, 63, 0, 1, 0, 0, 1.48%, 0, 0, 1, 42.09, 17313, 972
542, 64, 0, 1, 0, 0, 1.48%, 0, 0, 1, 32.35, 17475, 972
547, 64, 0, 1, 0, 0, 1.48%, 0, 0, 1, 30.61, 17619, 972
552, 65, 0, 1, 0, 0, 1.48%, 0, 0, 1, 28.73, 17763, 972
557, 65, 0, 1, 0, 0, 1.48%, 0, 0, 1, 27.05, 17889, 972
562, 66, 0, 1, 0, 0, 1.48%, 0, 0, 1, 25.16, 18020, 972
567, 66, 0, 1, 0, 0, 1.48%, 0, 0, 1, 20.29, 18109, 972
572, 67, 0, 1, 0, 0, 1.48%, 0, 0, 1, 24.35, 18235, 972
578, 67, 0, 1, 0, 0, 1.48%, 0, 0, 1, 3.47, 18373, 972
583, 68, 0, 1, 0, 0, 1.48%, 0, 0, 1, 34.24, 18534, 972
588, 68, 0, 1, 0, 0, 1.48%, 0, 0, 1, 43.93, 18771, 972
593, 69, 0, 1, 0, 0, 1.48%, 0, 0, 1, 46.42, 19007, 972
598, 70, 0, 1, 0, 0, 1.48%, 0, 0, 1, 41.38, 19220, 972
603, 71, 0, 1, 0, 0, 1.48%, 0, 0, 1, 36.89, 19408, 972
608, 71, 0, 1, 0, 0, 1.48%, 0, 0, 1, 31.92, 19565, 972
614, 72, 0, 1, 0, 0, 1.48%, 0, 0, 1, 28.72, 19693, 972
619, 72, 0, 1, 0, 0, 1.48%, 0, 0, 1, 30.54, 19857, 972
624, 73, 0, 1, 0, 0, 1.48%, 0, 0, 1, 27.27, 19985, 972
629, 74, 0, 1, 0, 0, 1.48%, 0, 0, 1, 36.49, 20178, 972
634, 74, 0, 1, 0, 0, 1.48%, 0, 0, 1, 36.35, 20357, 972
639, 75, 0, 1, 0, 0, 1.48%, 0, 0, 1, 34.84, 20539, 972
644, 76, 0, 1, 0, 0, 1.48%, 0, 0, 1, 32.95, 20698, 972
649, 76, 0, 1, 0, 0, 1.48%, 0, 0, 1, 37.47, 20894, 972
655, 77, 0, 1, 0, 0, 1.48%, 0, 0, 1, 40.97, 21120, 972
660, 78, 0, 1, 0, 0, 1.48%, 0, 0, 1, 39.42, 21307, 972
665, 78, 0, 1, 0, 0, 1.48%, 0, 0, 1, 35.64, 21478, 972
670, 79, 0, 1, 0, 0, 1.48%, 0, 0, 1, 33.87, 21651, 972
675, 80, 0, 1, 0, 0, 1.48%, 0, 0, 1, 36.01, 21823, 972
680, 80, 0, 1, 0, 0, 1.48%, 0, 0, 1, 35.96, 22014, 972
685, 81, 0, 1, 0, 0, 1.48%, 0, 0, 1, 30.72, 22163, 972
691, 81, 0, 1, 0, 0, 1.48%, 0, 0, 1, 28.50, 22312, 972
696, 82, 0, 1, 0, 0, 1.48%, 0, 0, 1, 22.97, 22430, 972
701, 83, 0, 1, 0, 0, 1.48%, 0, 0, 1, 34.54, 22610, 972
706, 83, 0, 1, 0, 0, 1.48%, 0, 0, 1, 37.37, 22819, 972
711, 84, 0, 1, 0, 0, 1.48%, 0, 0, 1, 39.60, 23021, 972
716, 85, 0, 1, 0, 0, 1.48%, 0, 0, 1, 39.62, 23223, 972
721, 86, 0, 1, 0, 0, 1.48%, 0, 0, 1, 37.80, 23419, 972
726, 86, 0, 1, 0, 0, 1.48%, 0, 0, 1, 39.44, 23615, 972
732, 87, 0, 1, 0, 0, 1.48%, 0, 0, 1, 35.04, 23788, 972
737, 88, 0, 1, 0, 0, 1.48%, 0, 0, 1, 37.52, 23979, 972
742, 88, 0, 1, 0, 0, 1.48%, 0, 0, 1, 36.43, 24169, 972
747, 89, 0, 1, 0, 0, 1.48%, 0, 0, 1, 38.41, 24360, 972
752, 90, 0, 1, 0, 0, 1.48%, 0, 0, 1, 36.12, 24548, 972
757, 90, 0, 1, 0, 0, 1.48%, 0, 0, 1, 30.74, 24697, 972
762, 91, 0, 1, 0, 0, 1.48%, 0, 0, 1, 36.80, 24898, 972
767, 92, 0, 1, 0, 0, 1.48%, 0, 0, 1, 42.14, 25119, 972
772, 93, 0, 1, 0, 0, 1.48%, 0, 0, 1, 44.83, 25346, 972
777, 93, 0, 1, 0, 0, 1.48%, 0, 0, 1, 46.33, 25582, 972
783, 94, 0, 1, 0, 0, 1.48%, 0, 0, 1, 41.13, 25790, 972
788, 95, 0, 1, 0, 0, 1.48%, 0, 0, 1, 43.66, 26018, 972
793, 96, 0, 1, 0, 0, 1.48%, 0, 0, 1, 39.10, 26218, 972
798, 96, 0, 1, 0, 0, 1.48%, 0, 0, 1, 32.22, 26376, 972
803, 97, 0, 1, 0, 0, 1.48%, 0, 0, 1, 37.89, 26576, 972
808, 98, 0, 1, 0, 0, 1.48%, 0, 0, 1, 38.60, 26780, 972
813, 99, 0, 1, 0, 0, 1.48%, 0, 0, 1, 39.42, 26981, 972
818, 99, 0, 1, 0, 0, 1.48%, 0, 0, 1, 37.70, 27175, 972
824, 100, 0, 1, 0, 0, 1.48%, 0, 0, 1, 44.11, 27410, 972
829, 101, 0, 1, 0, 0, 1.48%, 0, 0, 1, 36.17, 27598, 972
834, 102, 0, 1, 0, 0, 1.48%, 0, 0, 1, 38.44, 27791, 972
839, 102, 0, 1, 0, 0, 1.48%, 0, 0, 1, 39.13, 27992, 972
844, 103, 0, 1, 0, 0, 1.48%, 0, 0, 1, 40.90, 28204, 972
849, 104, 0, 1, 0, 0, 1.48%, 0, 0, 1, 34.80, 28381, 972
854, 104, 0, 1, 0, 0, 1.48%, 0, 0, 1, 35.47, 28566, 972
860, 105, 0, 1, 0, 0, 1.48%, 0, 0, 1, 29.15, 28695, 972
865, 106, 0, 1, 0, 0, 1.48%, 0, 0, 1, 34.76, 28884, 972
870, 106, 0, 1, 0, 0, 1.48%, 0, 0, 1, 39.04, 29088, 972
875, 107, 0, 1, 0, 0, 1.48%, 0, 0, 1, 34.86, 29274, 972
880, 108, 0, 1, 0, 0, 1.48%, 0, 0, 1, 36.68, 29449, 972
885, 108, 0, 1, 0, 0, 1.48%, 0, 0, 1, 34.54, 29630, 972
890, 109, 0, 1, 0, 0, 1.48%, 0, 0, 1, 37.80, 29825, 972
896, 110, 0, 1, 0, 0, 1.48%, 0, 0, 1, 34.51, 30000, 972
901, 110, 0, 1, 0, 0, 1.48%, 0, 0, 1, 36.55, 30190, 972
906, 111, 0, 1, 0, 0, 1.48%, 0, 0, 1, 35.03, 30366, 972
911, 112, 0, 1, 0, 0, 1.48%, 0, 0, 1, 37.16, 30548, 972
916, 112, 0, 1, 0, 0, 1.48%, 0, 0, 1, 39.40, 30749, 972
921, 113, 0, 1, 0, 0, 1.48%, 0, 0, 1, 43.07, 30976, 972
926, 114, 0, 1, 0, 0, 1.48%, 0, 0, 1, 38.58, 31163, 972
931, 115, 0, 1, 0, 0, 1.48%, 0, 0, 1, 35.35, 31338, 972
936, 115, 0, 1, 0, 0, 1.48%, 0, 0, 1, 31.95, 31499, 972
942, 116, 0, 1, 0, 0, 1.48%, 0, 0, 1, 38.51, 31703, 972
947, 117, 0, 1, 0, 0, 1.48%, 0, 0, 1, 40.49, 31908, 972
952, 117, 0, 1, 0, 0, 1.48%, 0, 0, 1, 38.96, 32100, 972
957, 118, 0, 1, 0, 0, 1.48%, 0, 0, 1, 38.96, 32297, 972
962, 119, 0, 1, 0, 0, 1.48%, 0, 0, 1, 40.78, 32504, 972
967, 119, 0, 1, 0, 0, 1.48%, 0, 0, 1, 31.87, 32663, 972
972, 120, 0, 1, 0, 0, 1.48%, 0, 0, 1, 29.53, 32822, 972
977, 121, 0, 1, 0, 0, 1.48%, 0, 0, 1, 39.37, 33033, 972
982, 122, 0, 1, 0, 0, 1.48%, 0, 0, 1, 41.56, 33248, 972
987, 122, 0, 1, 0, 0, 1.48%, 0, 0, 1, 43.49, 33473, 972
993, 123, 0, 1, 0, 0, 1.48%, 0, 0, 1, 38.37, 33664, 972
998, 124, 0, 1, 0, 0, 1.48%, 0, 0, 1, 40.07, 33872, 972
1003, 125, 0, 1, 0, 0, 1.48%, 0, 0, 1, 39.17, 34076, 972
1008, 125, 0, 1, 0, 0, 1.48%, 0, 0, 1, 39.00, 34264, 972
1013, 126, 0, 1, 0, 0, 1.48%, 0, 0, 1, 38.65, 34467, 972
1018, 127, 0, 1, 0, 0, 1.48%, 0, 0, 1, 39.42, 34660, 972
1023, 127, 0, 1, 0, 0, 1.48%, 0, 0, 1, 40.41, 34867, 972
1028, 128, 0, 1, 0, 0, 1.48%, 0, 0, 1, 41.97, 35086, 972
1033, 129, 0, 1, 0, 0, 1.48%, 0, 0, 1, 35.44, 35268, 972
1038, 130, 0, 1, 0, 0, 1.48%, 0, 0, 1, 36.49, 35453, 972
1043, 130, 0, 1, 0, 0, 1.48%, 0, 0, 1, 36.65, 35645, 972
1048, 131, 0, 1, 0, 0, 1.48%, 0, 0, 1, 36.22, 35828, 972
1053, 132, 0, 1, 0, 0, 1.48%, 0, 0, 1, 35.06, 36007, 972
1059, 132, 0, 1, 0, 0, 1.48%, 0, 0, 1, 41.60, 36229, 972
1064, 133, 0, 1, 0, 0, 1.48%, 0, 0, 1, 42.58, 36442, 972
1069, 134, 0, 1, 0, 0, 1.48%, 0, 0, 1, 42.01, 36657, 972
1074, 135, 0, 1, 0, 0, 1.48%, 0, 0, 1, 43.67, 36878, 972
1079, 136, 0, 1, 0, 0, 1.48%, 0, 0, 1, 44.13, 37102, 972
1084, 136, 0, 1, 0, 0, 1.48%, 0, 0, 1, 42.90, 37315, 972
1089, 137, 0, 1, 0, 0, 1.48%, 0, 0, 1, 43.66, 37537, 972
1094, 138, 0, 1, 0, 0, 1.48%, 0, 0, 1, 43.01, 37752, 972
1099, 139, 0, 1, 0, 0, 1.48%, 0, 0, 1, 43.17, 37974, 972
1104, 140, 0, 1, 0, 0, 1.48%, 0, 0, 1, 43.92, 38204, 972
1109, 140, 0, 1, 0, 0, 1.48%, 0, 0, 1, 42.25, 38418, 972
1114, 141, 0, 1, 0, 0, 1.48%, 0, 0, 1, 39.40, 38608, 972
1119, 142, 0, 1, 0, 0, 1.48%, 0, 0, 1, 41.82, 38824, 972
1124, 143, 0, 1, 0, 0, 1.48%, 0, 0, 1, 43.90, 39051, 972
1130, 144, 0, 1, 0, 0, 1.48%, 0, 0, 1, 43.84, 39275, 972
1135, 144, 0, 1, 0, 0, 1.48%, 0, 0, 1, 30.16, 39425, 972
1140, 145, 0, 1, 0, 0, 1.48%, 0, 0, 1, 33.23, 39586, 972
1145, 146, 0, 1, 0, 0, 1.48%, 0, 0, 1, 41.13, 39800, 972
1150, 146, 0, 1, 0, 0, 1.48%, 0, 0, 1, 45.40, 40034, 972
1155, 147, 0, 1, 0, 0, 1.48%, 0, 0, 1, 45.89, 40268, 972
1160, 148, 0, 1, 0, 0, 1.48%, 0, 0, 1, 46.79, 40504, 972
1165, 149, 0, 1, 0, 0, 1.48%, 0, 0, 1, 38.52, 40677, 972
1170, 150, 0, 1, 0, 0, 1.48%, 0, 0, 1, 44.72, 40909, 972
1175, 150, 0, 1, 0, 0, 1.48%, 0, 0, 1, 46.59, 41144, 972
1180, 151, 0, 1, 0, 0, 1.48%, 0, 0, 1, 47.57, 41392, 972
1186, 152, 0, 1, 0, 0, 1.48%, 0, 0, 1, 47.69, 41639, 972
1191, 153, 0, 1, 0, 0, 1.48%, 0, 0, 1, 46.50, 41873, 972
1196, 154, 0, 1, 0, 0, 1.48%, 0, 0, 1, 46.54, 42106, 972
1201, 155, 0, 1, 0, 0, 1.48%, 0, 0, 1, 46.92, 42349, 972
1206, 156, 0, 1, 0, 0, 1.48%, 0, 0, 1, 47.06, 42584, 972
1211, 157, 0, 1, 0, 0, 1.48%, 0, 0, 1, 44.39, 42805, 972
1216, 157, 0, 1, 0, 0, 1.48%, 0, 0, 1, 46.48, 43042, 972
1221, 158, 0, 1, 0, 0, 1.48%, 0, 0, 1, 44.67, 43269, 972
1226, 159, 0, 1, 0, 0, 1.48%, 0, 0, 1, 42.81, 43473, 972
1231, 160, 0, 1, 0, 0, 1.48%, 0, 0, 1, 44.99, 43701, 972
1236, 161, 0, 1, 0, 0, 1.48%, 0, 0, 1, 45.24, 43929, 972
1241, 161, 0, 1, 0, 0, 1.48%, 0, 0, 1, 39.73, 44127, 972
1246, 162, 0, 1, 0, 0, 1.48%, 0, 0, 1, 30.57, 44263, 972
1251, 163, 0, 1, 0, 0, 1.48%, 0, 0, 1, 40.61, 44480, 972
1256, 163, 0, 1, 0, 0, 1.48%, 0, 0, 1, 38.84, 44681, 972
1262, 164, 0, 1, 0, 0, 1.48%, 0, 0, 1, 36.86, 44843, 972
1267, 164, 0, 1, 0, 0, 1.48%, 0, 0, 1, 40.33, 44969, 972
1272, 165, 0, 1, 0, 0, 1.48%, 0, 0, 1, 44.17, 45198, 972
1278, 166, 0, 1, 0, 0, 1.48%, 0, 0, 1, 1.14, 45301, 972
1283, 166, 0, 1, 0, 0, 1.48%, 0, 0, 1, 1.16, 45307, 972
1289, 166, 0, 1, 0, 0, 1.48%, 0, 0, 1, 1.24, 45316, 972
1295, 166, 0, 1, 0, 0, 1.48%, 0, 0, 1, 1.17, 45322, 972
1301, 166, 0, 1, 0, 0, 1.48%, 0, 0, 1, 1.17, 45329, 972
1306, 166, 0, 1, 0, 0, 1.48%, 0, 0, 1, 34.23, 45509, 972
1311, 167, 0, 1, 0, 0, 1.48%, 0, 0, 1, 39.33, 45707, 972
1316, 168, 0, 1, 0, 0, 1.48%, 0, 0, 1, 41.39, 45920, 972
1321, 169, 0, 1, 0, 0, 1.48%, 0, 0, 1, 43.94, 46149, 972
1326, 170, 0, 1, 0, 0, 1.48%, 0, 0, 1, 43.55, 46358, 972
1331, 170, 0, 1, 0, 0, 1.48%, 0, 0, 1, 43.61, 46578, 972
1336, 171, 0, 1, 0, 0, 1.48%, 0, 0, 1, 33.61, 46748, 972
1341, 172, 0, 1, 0, 0, 1.48%, 0, 0, 1, 38.28, 46932, 972
1346, 172, 0, 1, 0, 0, 1.48%, 0, 0, 1, 31.69, 47097, 972
1351, 173, 0, 1, 0, 0, 1.48%, 0, 0, 1, 34.94, 47282, 972
1357, 174, 0, 1, 0, 0, 1.48%, 0, 0, 1, 35.10, 47457, 972
1362, 174, 0, 1, 0, 0, 1.48%, 0, 0, 1, 34.14, 47618, 972
1367, 175, 0, 1, 0, 0, 1.48%, 0, 0, 1, 36.51, 47803, 972
1372, 176, 0, 1, 0, 0, 1.48%, 0, 0, 1, 41.28, 48019, 972
1377, 176, 0, 1, 0, 0, 1.48%, 0, 0, 1, 43.17, 48240, 972
1382, 177, 0, 1, 0, 0, 1.48%, 0, 0, 1, 44.43, 48461, 972
1387, 178, 0, 1, 0, 0, 1.48%, 0, 0, 1, 40.93, 48671, 972
1392, 179, 0, 1, 0, 0, 1.48%, 0, 0, 1, 39.44, 48871, 972
1397, 179, 0, 1, 0, 0, 1.48%, 0, 0, 1, 36.47, 49050, 972
1403, 180, 0, 1, 0, 0, 1.48%, 0, 0, 1, 38.20, 49247, 972
1408, 181, 0, 1, 0, 0, 1.48%, 0, 0, 1, 39.08, 49442, 972
1413, 182, 0, 1, 0, 0, 1.48%, 0, 0, 1, 41.55, 49656, 972
1418, 182, 0, 1, 0, 0, 1.48%, 0, 0, 1, 38.73, 49854, 972
1423, 183, 0, 1, 0, 0, 1.48%, 0, 0, 1, 37.83, 50025, 972
1428, 184, 0, 1, 0, 0, 1.48%, 0, 0, 1, 33.62, 50199, 972
1433, 184, 0, 1, 0, 0, 1.48%, 0, 0, 1, 35.39, 50380, 972
1438, 185, 0, 1, 0, 0, 1.48%, 0, 0, 1, 38.10, 50579, 972
1443, 186, 0, 1, 0, 0, 1.48%, 0, 0, 1, 39.73, 50782, 972
1448, 186, 0, 1, 0, 0, 1.48%, 0, 0, 1, 38.83, 50981, 972
1453, 187, 0, 1, 0, 0, 1.48%, 0, 0, 1, 39.29, 51180, 972
1459, 188, 0, 1, 0, 0, 1.48%, 0, 0, 1, 37.46, 51367, 972
1464, 189, 0, 1, 0, 0, 1.48%, 0, 0, 1, 38.37, 51566, 972
1469, 189, 0, 1, 0, 0, 1.48%, 0, 0, 1, 38.56, 51766, 972
1474, 190, 0, 1, 0, 0, 1.48%, 0, 0, 1, 39.17, 51968, 972
1479, 191, 0, 1, 0, 0, 1.48%, 0, 0, 1, 36.44, 52159, 972
1484, 191, 0, 1, 0, 0, 1.48%, 0, 0, 1, 36.96, 52346, 972
1489, 192, 0, 1, 0, 0, 1.48%, 0, 0, 1, 40.09, 52550, 972
1494, 193, 0, 1, 0, 0, 1.48%, 0, 0, 1, 43.61, 52775, 972
1499, 194, 0, 1, 0, 0, 1.48%, 0, 0, 1, 42.16, 52990, 972
1504, 195, 0, 1, 0, 0, 1.48%, 0, 0, 1, 41.79, 53202, 972
1510, 195, 0, 1, 0, 0, 1.48%, 0, 0, 1, 33.47, 53375, 972
1515, 196, 0, 1, 0, 0, 1.48%, 0, 0, 1, 27.59, 53494, 972
1520, 196, 0, 1, 0, 0, 1.48%, 0, 0, 1, 39.53, 53709, 972
1525, 197, 0, 1, 0, 0, 1.48%, 0, 0, 1, 37.78, 53903, 972
1530, 198, 0, 1, 0, 0, 1.48%, 0, 0, 1, 38.17, 54098, 972
1535, 199, 0, 1, 0, 0, 1.48%, 0, 0, 1, 42.60, 54312, 972
1540, 199, 0, 1, 0, 0, 1.48%, 0, 0, 1, 43.03, 54530, 972
1545, 200, 0, 1, 0, 0, 1.48%, 0, 0, 1, 42.07, 54742, 972
1550, 201, 0, 1, 0, 0, 1.48%, 0, 0, 1, 41.15, 54948, 972
1556, 202, 0, 1, 0, 0, 1.48%, 0, 0, 1, 39.49, 55143, 972
1561, 203, 0, 1, 0, 0, 1.48%, 0, 0, 1, 42.70, 55364, 972
1566, 203, 0, 1, 0, 0, 1.48%, 0, 0, 1, 41.95, 55575, 972
1571, 204, 0, 1, 0, 0, 1.48%, 0, 0, 1, 40.80, 55779, 972
1576, 205, 0, 1, 0, 0, 1.48%, 0, 0, 1, 43.43, 55995, 972
1581, 206, 0, 1, 0, 0, 1.48%, 0, 0, 1, 43.31, 56215, 972
1586, 206, 0, 1, 0, 0, 1.48%, 0, 0, 1, 40.47, 56421, 972
1591, 207, 0, 1, 0, 0, 1.48%, 0, 0, 1, 34.02, 56603, 972
1596, 208, 0, 1, 0, 0, 1.48%, 0, 0, 1, 37.19, 56786, 972
1601, 208, 0, 1, 0, 0, 1.48%, 0, 0, 1, 40.05, 56995, 972
1606, 209, 0, 1, 0, 0, 1.48%, 0, 0, 1, 38.94, 57199, 972
1611, 210, 0, 1, 0, 0, 1.48%, 0, 0, 1, 39.40, 57400, 972
1617, 211, 0, 1, 0, 0, 1.48%, 0, 0, 1, 38.42, 57602, 972
1622, 211, 0, 1, 0, 0, 1.48%, 0, 0, 1, 38.27, 57795, 972
1627, 212, 0, 1, 0, 0, 1.48%, 0, 0, 1, 39.13, 57996, 972
1632, 213, 0, 1, 0, 0, 1.48%, 0, 0, 1, 41.07, 58207, 972
1637, 214, 0, 1, 0, 0, 1.48%, 0, 0, 1, 40.33, 58409, 972
1642, 215, 0, 1, 0, 0, 1.48%, 0, 0, 1, 45.13, 58642, 972
1647, 215, 0, 1, 0, 0, 1.48%, 0, 0, 1, 43.75, 58861, 972
1652, 216, 0, 1, 0, 0, 1.48%, 0, 0, 1, 33.03, 59027, 972
1657, 217, 0, 1, 0, 0, 1.48%, 0, 0, 1, 43.19, 59249, 972
1663, 217, 0, 1, 0, 0, 1.48%, 0, 0, 1, 30.55, 59401, 972
1668, 218, 0, 1, 0, 0, 1.48%, 0, 0, 1, 26.05, 59526, 972
1673, 218, 0, 1, 0, 0, 1.48%, 0, 0, 1, 36.12, 59712, 972
1678, 219, 0, 1, 0, 0, 1.48%, 0, 0, 1, 40.17, 59920, 972
1683, 220, 0, 1, 0, 0, 1.48%, 0, 0, 1, 38.98, 60122, 972
1688, 221, 0, 1, 0, 0, 1.48%, 0, 0, 1, 38.04, 60314, 972
1693, 221, 0, 1, 0, 0, 1.48%, 0, 0, 1, 31.21, 60473, 972
1698, 222, 0, 1, 0, 0, 1.48%, 0, 0, 1, 35.54, 60656, 972
1704, 223, 0, 1, 0, 0, 1.48%, 0, 0, 1, 39.13, 60864, 972
1709, 223, 0, 1, 0, 0, 1.48%, 0, 0, 1, 39.27, 61066, 972
1714, 224, 0, 1, 0, 0, 1.48%, 0, 0, 1, 38.10, 61251, 972
1719, 225, 0, 1, 0, 0, 1.48%, 0, 0, 1, 43.21, 61471, 972
1724, 226, 0, 1, 0, 0, 1.48%, 0, 0, 1, 39.64, 61672, 972
1729, 226, 0, 1, 0, 0, 1.48%, 0, 0, 1, 44.81, 61902, 972
1734, 227, 0, 1, 0, 0, 1.48%, 0, 0, 1, 41.48, 62115, 972
1739, 228, 0, 1, 0, 0, 1.48%, 0, 0, 1, 43.05, 62335, 972
1744, 229, 0, 1, 0, 0, 1.48%, 0, 0, 1, 45.27, 62566, 972
1749, 230, 0, 1, 0, 0, 1.48%, 0, 0, 1, 46.19, 62798, 972
1754, 230, 0, 1, 0, 0, 1.48%, 0, 0, 1, 40.71, 62995, 972
1759, 231, 0, 1, 0, 0, 1.48%, 0, 0, 1, 43.49, 63215, 972
1764, 232, 0, 1, 0, 0, 1.48%, 0, 0, 1, 41.46, 63412, 972
1770, 233, 0, 1, 0, 0, 1.48%, 0, 0, 1, 44.77, 63652, 972
1775, 234, 0, 1, 0, 0, 1.48%, 0, 0, 1, 41.02, 63852, 972
1780, 234, 0, 1, 0, 0, 1.48%, 0, 0, 1, 29.56, 63990, 972
1785, 235, 0, 1, 0, 0, 1.48%, 0, 0, 1, 35.82, 64175, 972
1790, 235, 0, 1, 0, 0, 1.48%, 0, 0, 1, 36.59, 64358, 972
1795, 236, 0, 1, 0, 0, 1.48%, 0, 0, 1, 42.95, 64579, 972
1800, 237, 0, 1, 0, 0, 1.48%, 0, 0, 1, 44.91, 64809, 972
1805, 238, 0, 1, 0, 0, 1.48%, 0, 0, 1, 43.61, 65026, 972
1810, 239, 0, 1, 0, 0, 1.48%, 0, 0, 1, 44.61, 65246, 972
1815, 239, 0, 1, 0, 0, 1.48%, 0, 0, 1, 40.17, 65451, 972
1821, 240, 0, 1, 0, 0, 1.48%, 0, 0, 1, 40.28, 65647, 972
1826, 241, 0, 1, 0, 0, 1.48%, 0, 0, 1, 36.53, 65830, 972
1831, 242, 0, 1, 0, 0, 1.48%, 0, 0, 1, 42.16, 66046, 972
1836, 242, 0, 1, 0, 0, 1.48%, 0, 0, 1, 39.45, 66242, 972
1841, 243, 0, 1, 0, 0, 1.48%, 0, 0, 1, 33.87, 66401, 972
1846, 244, 0, 1, 0, 0, 1.48%, 0, 0, 1, 36.25, 66578, 972
1851, 244, 0, 1, 0, 0, 1.48%, 0, 0, 1, 39.21, 66783, 972
1856, 245, 0, 1, 0, 0, 1.48%, 0, 0, 1, 40.47, 66992, 972
1861, 246, 0, 1, 0, 0, 1.48%, 0, 0, 1, 31.96, 67163, 972
1866, 246, 0, 1, 0, 0, 1.48%, 0, 0, 1, 32.82, 67327, 972
1872, 247, 0, 1, 0, 0, 1.48%, 0, 0, 1, 38.47, 67528, 972
1877, 248, 0, 1, 0, 0, 1.48%, 0, 0, 1, 40.38, 67735, 972
1882, 249, 0, 1, 0, 0, 1.48%, 0, 0, 1, 44.46, 67960, 972
1887, 250, 0, 1, 0, 0, 1.48%, 0, 0, 1, 45.83, 68193, 972
1892, 250, 0, 1, 0, 0, 1.48%, 0, 0, 1, 44.59, 68418, 972
1897, 251, 0, 1, 0, 0, 1.48%, 0, 0, 1, 46.29, 68653, 972
1902, 252, 0, 1, 0, 0, 1.48%, 0, 0, 1, 46.25, 68888, 972
1907, 253, 0, 1, 0, 0, 1.48%, 0, 0, 1, 42.54, 69108, 972
1912, 254, 0, 1, 0, 0, 1.48%, 0, 0, 1, 41.41, 69320, 972
1917, 254, 0, 1, 0, 0, 1.48%, 0, 0, 1, 37.38, 69497, 972
1922, 255, 0, 1, 0, 0, 1.48%, 0, 0, 1, 32.06, 69665, 972
1928, 256, 0, 1, 0, 0, 1.48%, 0, 0, 1, 33.92, 69839, 972
1933, 256, 0, 1, 0, 0, 1.48%, 0, 0, 1, 42.75, 70064, 972
1938, 257, 0, 1, 0, 0, 1.48%, 0, 0, 1, 40.50, 70263, 972
1943, 258, 0, 1, 0, 0, 1.48%, 0, 0, 1, 40.58, 70468, 972
1948, 259, 0, 1, 0, 0, 1.48%, 0, 0, 1, 41.73, 70676, 972
1953, 259, 0, 1, 0, 0, 1.48%, 0, 0, 1, 39.74, 70882, 972
1958, 260, 0, 1, 0, 0, 1.48%, 0, 0, 1, 40.39, 71091, 972
1963, 261, 0, 1, 0, 0, 1.48%, 0, 0, 1, 34.05, 71244, 972
1968, 261, 0, 1, 0, 0, 1.48%, 0, 0, 1, 39.06, 71443, 972
1973, 262, 0, 1, 0, 0, 1.48%, 0, 0, 1, 45.96, 71682, 972
1978, 263, 0, 1, 0, 0, 1.48%, 0, 0, 1, 44.40, 71906, 972
1983, 264, 0, 1, 0, 0, 1.48%, 0, 0, 1, 43.29, 72120, 972
1988, 265, 0, 1, 0, 0, 1.48%, 0, 0, 1, 44.53, 72345, 972
1994, 265, 0, 1, 0, 0, 1.48%, 0, 0, 1, 41.75, 72557, 972
1999, 266, 0, 1, 0, 0, 1.48%, 0, 0, 1, 44.83, 72787, 972
2004, 267, 0, 1, 0, 0, 1.48%, 0, 0, 1, 47.06, 73036, 972
2009, 268, 0, 1, 0, 0, 1.48%, 0, 0, 1, 45.35, 73260, 972
2014, 269, 0, 1, 0, 0, 1.48%, 0, 0, 1, 43.18, 73470, 972
2019, 270, 0, 1, 0, 0, 1.48%, 0, 0, 1, 44.21, 73698, 972
2024, 270, 0, 1, 0, 0, 1.48%, 0, 0, 1, 37.48, 73871, 972
2029, 271, 0, 1, 0, 0, 1.48%, 0, 0, 1, 40.79, 74079, 972
2035, 272, 0, 1, 0, 0, 1.48%, 0, 0, 1, 38.62, 74284, 972
2040, 273, 0, 1, 0, 0, 1.48%, 0, 0, 1, 42.19, 74502, 972
2045, 273, 0, 1, 0, 0, 1.48%, 0, 0, 1, 41.32, 74712, 972
2050, 274, 0, 1, 0, 0, 1.48%, 0, 0, 1, 33.81, 74886, 972
2055, 275, 0, 1, 0, 0, 1.48%, 0, 0, 1, 41.19, 75097, 972
2060, 276, 0, 1, 0, 0, 1.48%, 0, 0, 1, 40.02, 75306, 972
2065, 276, 0, 1, 0, 0, 1.48%, 0, 0, 1, 37.22, 75498, 972
2070, 277, 0, 1, 0, 0, 1.48%, 0, 0, 1, 39.24, 75703, 972
2075, 278, 0, 1, 0, 0, 1.48%, 0, 0, 1, 37.45, 75894, 972
2081, 278, 0, 1, 0, 0, 1.48%, 0, 0, 1, 33.95, 76070, 972
2086, 279, 0, 1, 0, 0, 1.48%, 0, 0, 1, 40.66, 76287, 972
2091, 280, 0, 1, 0, 0, 1.48%, 0, 0, 1, 39.56, 76486, 972
2096, 281, 0, 1, 0, 0, 1.48%, 0, 0, 1, 39.75, 76695, 972
2101, 281, 0, 1, 0, 0, 1.48%, 0, 0, 1, 39.37, 76891, 972
2106, 282, 0, 1, 0, 0, 1.48%, 0, 0, 1, 40.73, 77098, 972
2111, 283, 0, 1, 0, 0, 1.48%, 0, 0, 1, 37.18, 77282, 972
2116, 283, 0, 1, 0, 0, 1.48%, 0, 0, 1, 37.45, 77460, 972
2121, 284, 0, 1, 0, 0, 1.48%, 0, 0, 1, 40.46, 77666, 972
2126, 285, 0, 1, 0, 0, 1.48%, 0, 0, 1, 40.95, 77876, 972
2131, 286, 0, 1, 0, 0, 1.48%, 0, 0, 1, 39.34, 78071, 972
2137, 286, 0, 1, 0, 0, 1.48%, 0, 0, 1, 30.56, 78216, 972
2142, 287, 0, 1, 0, 0, 1.48%, 0, 0, 1, 35.99, 78410, 972
2147, 288, 0, 1, 0, 0, 1.48%, 0, 0, 1, 38.86, 78618, 972
2152, 288, 0, 1, 0, 0, 1.48%, 0, 0, 1, 40.95, 78828, 972
2157, 289, 0, 1, 0, 0, 1.48%, 0, 0, 1, 41.00, 79036, 972
2162, 290, 0, 1, 0, 0, 1.48%, 0, 0, 1, 42.66, 79256, 972
2167, 291, 0, 1, 0, 0, 1.48%, 0, 0, 1, 40.50, 79459, 972
2172, 291, 0, 1, 0, 0, 1.48%, 0, 0, 1, 38.70, 79657, 972
2177, 292, 0, 1, 0, 0, 1.48%, 0, 0, 1, 38.15, 79853, 972
2183, 293, 0, 1, 0, 0, 1.48%, 0, 0, 1, 40.68, 80055, 972
2188, 294, 0, 1, 0, 0, 1.48%, 0, 0, 1, 43.41, 80273, 972
2193, 295, 0, 1, 0, 0, 1.48%, 0, 0, 1, 43.87, 80496, 972
2198, 295, 0, 1, 0, 0, 1.48%, 0, 0, 1, 42.61, 80704, 972
2203, 296, 0, 1, 0, 0, 1.48%, 0, 0, 1, 42.38, 80920, 972
2208, 297, 0, 1, 0, 0, 1.48%, 0, 0, 1, 42.33, 81134, 972
2213, 298, 0, 1, 0, 0, 1.48%, 0, 0, 1, 45.18, 81368, 972
2218, 299, 0, 1, 0, 0, 1.48%, 0, 0, 1, 45.73, 81600, 972
2223, 299, 0, 1, 0, 0, 1.48%, 0, 0, 1, 40.18, 81796, 972
2228, 300, 0, 1, 0, 0, 1.48%, 0, 0, 1, 42.21, 82017, 972
2233, 301, 0, 1, 0, 0, 1.48%, 0, 0, 1, 44.23, 82240, 972
2238, 302, 0, 1, 0, 0, 1.48%, 0, 0, 1, 45.82, 82468, 972
2243, 303, 0, 1, 0, 0, 1.48%, 0, 0, 1, 46.10, 82702, 972
2248, 304, 0, 1, 0, 0, 1.48%, 0, 0, 1, 46.37, 82936, 972
2254, 304, 0, 1, 0, 0, 1.48%, 0, 0, 1, 47.39, 83181, 972
2259, 305, 0, 1, 0, 0, 1.48%, 0, 0, 1, 43.56, 83401, 972
2264, 306, 0, 1, 0, 0, 1.48%, 0, 0, 1, 43.47, 83619, 972
2269, 307, 0, 1, 0, 0, 1.48%, 0, 0, 1, 45.58, 83854, 972
2274, 308, 0, 1, 0, 0, 1.48%, 0, 0, 1, 44.79, 84080, 972
2279, 308, 0, 1, 0, 0, 1.48%, 0, 0, 1, 43.23, 84294, 972
2284, 309, 0, 1, 0, 0, 1.48%, 0, 0, 1, 37.15, 84477, 972
2289, 310, 0, 1, 0, 0, 1.48%, 0, 0, 1, 41.80, 84687, 972
2294, 311, 0, 1, 0, 0, 1.48%, 0, 0, 1, 45.97, 84930, 972
2299, 312, 0, 1, 0, 0, 1.48%, 0, 0, 1, 46.95, 85166, 972
2305, 313, 0, 1, 0, 0, 1.48%, 0, 0, 1, 46.10, 85401, 972
2310, 313, 0, 1, 0, 0, 1.48%, 0, 0, 1, 46.03, 85633, 972
2315, 314, 0, 1, 0, 0, 1.48%, 0, 0, 1, 46.62, 85866, 972
2320, 315, 0, 1, 0, 0, 1.48%, 0, 0, 1, 38.84, 86042, 972
2325, 316, 0, 1, 0, 0, 1.48%, 0, 0, 1, 42.91, 86264, 972
2330, 317, 0, 1, 0, 0, 1.48%, 0, 0, 1, 45.71, 86499, 972
2335, 317, 0, 1, 0, 0, 1.48%, 0, 0, 1, 44.84, 86730, 972
2340, 318, 0, 1, 0, 0, 1.48%, 0, 0, 1, 44.46, 86953, 972
2345, 319, 0, 1, 0, 0, 1.48%, 0, 0, 1, 46.59, 87190, 972
2350, 320, 0, 1, 0, 0, 1.48%, 0, 0, 1, 46.11, 87425, 972
2355, 321, 0, 1, 0, 0, 1.48%, 0, 0, 1, 45.88, 87658, 972
2360, 322, 0, 1, 0, 0, 1.48%, 0, 0, 1, 47.08, 87895, 972
2365, 323, 0, 1, 0, 0, 1.48%, 0, 0, 1, 45.26, 88126, 972
2370, 323, 0, 1, 0, 0, 1.48%, 0, 0, 1, 45.72, 88355, 972
2376, 324, 0, 1, 0, 0, 1.48%, 0, 0, 1, 45.99, 88597, 972
2381, 325, 0, 1, 0, 0, 1.48%, 0, 0, 1, 42.92, 88804, 972
2386, 326, 0, 1, 0, 0, 1.48%, 0, 0, 1, 45.85, 89049, 972
2391, 327, 0, 1, 0, 0, 1.48%, 0, 0, 1, 46.50, 89286, 972
2396, 328, 0, 1, 0, 0, 1.48%, 0, 0, 1, 45.44, 89514, 972
2401, 329, 0, 1, 0, 0, 1.48%, 0, 0, 1, 47.71, 89763, 972
2406, 329, 0, 1, 0, 0, 1.48%, 0, 0, 1, 39.84, 89948, 972
2411, 330, 0, 1, 0, 0, 1.48%, 0, 0, 1, 42.48, 90168, 972
2416, 331, 0, 1, 0, 0, 1.48%, 0, 0, 1, 45.44, 90395, 972
2422, 332, 0, 1, 0, 0, 1.48%, 0, 0, 1, 44.85, 90622, 972
2427, 332, 0, 1, 0, 0, 1.48%, 0, 0, 1, 42.20, 90838, 972
2432, 333, 0, 1, 0, 0, 1.48%, 0, 0, 1, 43.72, 91061, 972
2437, 334, 0, 1, 0, 0, 1.48%, 0, 0, 1, 44.20, 91282, 972
2442, 335, 0, 1, 0, 0, 1.48%, 0, 0, 1, 44.88, 91510, 972
2447, 336, 0, 1, 0, 0, 1.48%, 0, 0, 1, 40.62, 91711, 972
2452, 336, 0, 1, 0, 0, 1.48%, 0, 0, 1, 44.03, 91941, 972
2457, 337, 0, 1, 0, 0, 1.48%, 0, 0, 1, 44.64, 92167, 972
2462, 338, 0, 1, 0, 0, 1.48%, 0, 0, 1, 44.76, 92394, 972
2467, 339, 0, 1, 0, 0, 1.48%, 0, 0, 1, 41.34, 92592, 972
2472, 340, 0, 1, 0, 0, 1.48%, 0, 0, 1, 44.08, 92822, 972
2477, 341, 0, 1, 0, 0, 1.48%, 0, 0, 1, 45.39, 93053, 972
2483, 341, 0, 1, 0, 0, 1.48%, 0, 0, 1, 46.25, 93289, 972
2488, 342, 0, 1, 0, 0, 1.48%, 0, 0, 1, 45.93, 93523, 972
2493, 343, 0, 1, 0, 0, 1.48%, 0, 0, 1, 45.40, 93752, 972
2498, 344, 0, 1, 0, 0, 1.48%, 0, 0, 1, 45.48, 93985, 972
2503, 345, 0, 1, 0, 0, 1.48%, 0, 0, 1, 36.74, 94183, 972
2508, 345, 0, 1, 0, 0, 1.48%, 0, 0, 1, 36.52, 94367, 972
2513, 346, 0, 1, 0, 0, 1.48%, 0, 0, 1, 44.55, 94604, 972
2518, 347, 0, 1, 0, 0, 1.48%, 0, 0, 1, 46.49, 94843, 972
2523, 348, 0, 1, 0, 0, 1.48%, 0, 0, 1, 45.84, 95076, 972
2529, 349, 0, 1, 0, 0, 1.48%, 0, 0, 1, 47.07, 95320, 972
2534, 350, 0, 1, 0, 0, 1.48%, 0, 0, 1, 46.26, 95554, 972
2539, 351, 0, 1, 0, 0, 1.48%, 0, 0, 1, 47.03, 95788, 972
2544, 351, 0, 1, 0, 0, 1.48%, 0, 0, 1, 47.25, 96033, 972
2549, 352, 0, 1, 0, 0, 1.48%, 0, 0, 1, 46.81, 96269, 972
2554, 353, 0, 1, 0, 0, 1.48%, 0, 0, 1, 45.70, 96499, 972
2559, 354, 0, 1, 0, 0, 1.48%, 0, 0, 1, 45.22, 96734, 972
2564, 355, 0, 1, 0, 0, 1.48%, 0, 0, 1, 42.55, 96950, 972
2569, 356, 0, 1, 0, 0, 1.48%, 0, 0, 1, 46.79, 97188, 972
2574, 357, 0, 1, 0, 0, 1.48%, 0, 0, 1, 47.16, 97427, 972
2579, 357, 0, 1, 0, 0, 1.48%, 0, 0, 1, 47.24, 97666, 972
2584, 358, 0, 1, 0, 0, 1.48%, 0, 0, 1, 38.43, 97846, 972
2589, 359, 0, 1, 0, 0, 1.48%, 0, 0, 1, 44.89, 98079, 972
2595, 360, 0, 1, 0, 0, 1.48%, 0, 0, 1, 46.36, 98324, 972
2600, 361, 0, 1, 0, 0, 1.48%, 0, 0, 1, 46.07, 98551, 972
2605, 362, 0, 1, 0, 0, 1.48%, 0, 0, 1, 47.15, 98787, 972
2610, 362, 0, 1, 0, 0, 1.48%, 0, 0, 1, 47.47, 99036, 972
2615, 363, 0, 1, 0, 0, 1.48%, 0, 0, 1, 45.77, 99264, 972
2620, 364, 0, 1, 0, 0, 1.48%, 0, 0, 1, 47.92, 99515, 972
2625, 365, 0, 1, 0, 0, 1.48%, 0, 0, 1, 46.34, 99755, 972
2630, 366, 0, 1, 0, 0, 1.48%, 0, 0, 1, 46.82, 99990, 972
2635, 367, 0, 1, 0, 0, 1.48%, 0, 0, 1, 48.08, 100232, 972
2640, 368, 0, 1, 0, 0, 1.48%, 0, 0, 1, 48.35, 100482, 972
2646, 369, 0, 1, 0, 0, 1.48%, 0, 0, 1, 43.83, 100691, 972
2651, 369, 0, 1, 0, 0, 1.48%, 0, 0, 1, 47.19, 100931, 972
2656, 370, 0, 1, 0, 0, 1.48%, 0, 0, 1, 48.34, 101133, 972
2661, 371, 0, 1, 0, 0, 1.48%, 0, 0, 1, 47.80, 101382, 972
2666, 372, 0, 1, 0, 0, 1.48%, 0, 0, 1, 46.75, 101619, 972
2671, 373, 0, 1, 0, 0, 1.48%, 0, 0, 1, 45.28, 101850, 972
2676, 373, 0, 1, 0, 0, 1.48%, 0, 0, 1, 36.27, 102021, 972
2681, 374, 0, 1, 0, 0, 1.48%, 0, 0, 1, 43.91, 102244, 972
2686, 375, 0, 1, 0, 0, 1.48%, 0, 0, 1, 43.40, 102463, 972
2692, 376, 0, 1, 0, 0, 1.48%, 0, 0, 1, 46.38, 102703, 972
2697, 377, 0, 1, 0, 0, 1.48%, 0, 0, 1, 47.24, 102950, 972
2702, 378, 0, 1, 0, 0, 1.48%, 0, 0, 1, 47.22, 103190, 972
2707, 379, 0, 1, 0, 0, 1.48%, 0, 0, 1, 45.82, 103422, 972
2712, 379, 0, 1, 0, 0, 1.48%, 0, 0, 1, 46.08, 103657, 972
2717, 380, 0, 1, 0, 0, 1.48%, 0, 0, 1, 45.19, 103883, 972
2722, 381, 0, 1, 0, 0, 1.48%, 0, 0, 1, 46.22, 104121, 972
2727, 382, 0, 1, 0, 0, 1.48%, 0, 0, 1, 44.13, 104343, 972
2732, 383, 0, 1, 0, 0, 1.48%, 0, 0, 1, 43.35, 104556, 972
2737, 383, 0, 1, 0, 0, 1.48%, 0, 0, 1, 41.02, 104753, 972
2743, 384, 0, 1, 0, 0, 1.48%, 0, 0, 1, 43.17, 104977, 972
2748, 385, 0, 1, 0, 0, 1.48%, 0, 0, 1, 44.82, 105208, 972
2753, 386, 0, 1, 0, 0, 1.48%, 0, 0, 1, 45.83, 105440, 972
2758, 387, 0, 1, 0, 0, 1.48%, 0, 0, 1, 45.35, 105666, 972
2763, 388, 0, 1, 0, 0, 1.48%, 0, 0, 1, 43.62, 105891, 972
2768, 388, 0, 1, 0, 0, 1.48%, 0, 0, 1, 41.23, 106079, 972
2773, 389, 0, 1, 0, 0, 1.48%, 0, 0, 1, 44.28, 106306, 972
2778, 390, 0, 1, 0, 0, 1.48%, 0, 0, 1, 44.17, 106528, 972
2783, 391, 0, 1, 0, 0, 1.48%, 0, 0, 1, 45.98, 106766, 972
2788, 392, 0, 1, 0, 0, 1.48%, 0, 0, 1, 45.66, 106999, 972
2794, 393, 0, 1, 0, 0, 1.48%, 0, 0, 1, 45.63, 107236, 972
2799, 393, 0, 1, 0, 0, 1.48%, 0, 0, 1, 45.73, 107468, 972
2804, 394, 0, 1, 0, 0, 1.48%, 0, 0, 1, 46.77, 107702, 972
2809, 395, 0, 1, 0, 0, 1.48%, 0, 0, 1, 45.67, 107938, 972
2814, 396, 0, 1, 0, 0, 1.48%, 0, 0, 1, 46.87, 108177, 972
2819, 397, 0, 1, 0, 0, 1.48%, 0, 0, 1, 45.91, 108409, 972
2824, 398, 0, 1, 0, 0, 1.48%, 0, 0, 1, 39.39, 108617, 972
2829, 398, 0, 1, 0, 0, 1.48%, 0, 0, 1, 42.51, 108829, 972
2834, 399, 0, 1, 0, 0, 1.48%, 0, 0, 1, 43.85, 109057, 972
2839, 400, 0, 1, 0, 0, 1.48%, 0, 0, 1, 46.64, 109295, 972
2844, 401, 0, 1, 0, 0, 1.48%, 0, 0, 1, 47.12, 109531, 972
2849, 402, 0, 1, 0, 0, 1.48%, 0, 0, 1, 47.64, 109775, 972
2854, 403, 0, 1, 0, 0, 1.48%, 0, 0, 1, 41.89, 109993, 972
2860, 403, 0, 1, 0, 0, 1.48%, 0, 0, 1, 43.05, 110198, 972
2865, 404, 0, 1, 0, 0, 1.48%, 0, 0, 1, 43.74, 110423, 972
2870, 405, 0, 1, 0, 0, 1.48%, 0, 0, 1, 44.12, 110647, 972
2875, 406, 0, 1, 0, 0, 1.48%, 0, 0, 1, 44.88, 110879, 972
2880, 407, 0, 1, 0, 0, 1.48%, 0, 0, 1, 46.14, 111116, 972
2885, 408, 0, 1, 0, 0, 1.48%, 0, 0, 1, 44.92, 111343, 972
2890, 408, 0, 1, 0, 0, 1.48%, 0, 0, 1, 45.39, 111574, 972
2895, 409, 0, 1, 0, 0, 1.48%, 0, 0, 1, 45.30, 111806, 972
2900, 410, 0, 1, 0, 0, 1.48%, 0, 0, 1, 45.64, 112038, 972
2905, 411, 0, 1, 0, 0, 1.48%, 0, 0, 1, 45.42, 112269, 972
2910, 412, 0, 1, 0, 0, 1.48%, 0, 0, 1, 44.69, 112499, 972
2915, 413, 0, 1, 0, 0, 1.48%, 0, 0, 1, 39.81, 112708, 972
2921, 413, 0, 1, 0, 0, 1.48%, 0, 0, 1, 42.78, 112928, 972
2926, 414, 0, 1, 0, 0, 1.48%, 0, 0, 1, 45.52, 113164, 972
2931, 415, 0, 1, 0, 0, 1.48%, 0, 0, 1, 45.14, 113394, 972
2936, 416, 0, 1, 0, 0, 1.48%, 0, 0, 1, 45.89, 113627, 972
2941, 417, 0, 1, 0, 0, 1.48%, 0, 0, 1, 45.30, 113857, 972
2946, 418, 0, 1, 0, 0, 1.48%, 0, 0, 1, 45.52, 114085, 972
2951, 418, 0, 1, 0, 0, 1.48%, 0, 0, 1, 45.87, 114316, 972
2956, 419, 0, 1, 0, 0, 1.48%, 0, 0, 1, 37.38, 114517, 972
2961, 420, 0, 1, 0, 0, 1.48%, 0, 0, 1, 39.11, 114710, 972
2966, 421, 0, 1, 0, 0, 1.48%, 0, 0, 1, 44.04, 114938, 972
2971, 422, 0, 1, 0, 0, 1.48%, 0, 0, 1, 46.26, 115181, 972
2976, 422, 0, 1, 0, 0, 1.48%, 0, 0, 1, 46.51, 115417, 972
2982, 423, 0, 1, 0, 0, 1.48%, 0, 0, 1, 47.87, 115665, 972
2987, 424, 0, 1, 0, 0, 1.48%, 0, 0, 1, 45.40, 115887, 972
2992, 425, 0, 1, 0, 0, 1.48%, 0, 0, 1, 45.83, 116122, 972
2997, 426, 0, 1, 0, 0, 1.48%, 0, 0, 1, 46.96, 116361, 972
3002, 427, 0, 1, 0, 0, 1.48%, 0, 0, 1, 47.62, 116601, 972
3007, 428, 0, 1, 0, 0, 1.48%, 0, 0, 1, 46.31, 116835, 972
3012, 429, 0, 1, 0, 0, 1.48%, 0, 0, 1, 44.66, 117059, 972
3017, 429, 0, 1, 0, 0, 1.48%, 0, 0, 1, 38.85, 117259, 972
3022, 430, 0, 1, 0, 0, 1.48%, 0, 0, 1, 42.65, 117478, 972
3027, 431, 0, 1, 0, 0, 1.48%, 0, 0, 1, 45.18, 117709, 972
3032, 432, 0, 1, 0, 0, 1.48%, 0, 0, 1, 45.31, 117939, 972
3038, 433, 0, 1, 0, 0, 1.48%, 0, 0, 1, 44.22, 118166, 972
3043, 433, 0, 1, 0, 0, 1.48%, 0, 0, 1, 39.13, 118355, 972
3048, 434, 0, 1, 0, 0, 1.48%, 0, 0, 1, 42.42, 118569, 972
3053, 435, 0, 1, 0, 0, 1.48%, 0, 0, 1, 44.43, 118797, 972
3058, 436, 0, 1, 0, 0, 1.48%, 0, 0, 1, 46.31, 119031, 972
3063, 437, 0, 1, 0, 0, 1.48%, 0, 0, 1, 46.60, 119266, 972
3068, 437, 0, 1, 0, 0, 1.48%, 0, 0, 1, 46.43, 119500, 972
3073, 438, 0, 1, 0, 0, 1.48%, 0, 0, 1, 44.09, 119723, 972
3078, 439, 0, 1, 0, 0, 1.48%, 0, 0, 1, 44.77, 119951, 972
3083, 440, 0, 1, 0, 0, 1.48%, 0, 0, 1, 46.26, 120183, 972
3088, 441, 0, 1, 0, 0, 1.48%, 0, 0, 1, 33.39, 120335, 972
3093, 441, 0, 1, 0, 0, 1.48%, 0, 0, 1, 44.84, 120575, 972
3098, 442, 0, 1, 0, 0, 1.48%, 0, 0, 1, 46.62, 120817, 972
3103, 443, 0, 1, 0, 0, 1.48%, 0, 0, 1, 41.94, 121021, 972
3109, 444, 0, 1, 0, 0, 1.48%, 0, 0, 1, 45.88, 121256, 972
3114, 445, 0, 1, 0, 0, 1.48%, 0, 0, 1, 45.35, 121487, 972
3119, 446, 0, 1, 0, 0, 1.48%, 0, 0, 1, 45.31, 121717, 972
3124, 446, 0, 1, 0, 0, 1.48%, 0, 0, 1, 43.48, 121937, 972
3129, 447, 0, 1, 0, 0, 1.48%, 0, 0, 1, 42.40, 122135, 972
3134, 448, 0, 1, 0, 0, 1.48%, 0, 0, 1, 46.09, 122373, 972
3139, 449, 0, 1, 0, 0, 1.48%, 0, 0, 1, 45.34, 122608, 972
3144, 450, 0, 1, 0, 0, 1.48%, 0, 0, 1, 46.38, 122846, 972
3149, 451, 0, 1, 0, 0, 1.48%, 0, 0, 1, 46.48, 123082, 972
3155, 451, 0, 1, 0, 0, 1.48%, 0, 0, 1, 44.84, 123313, 972
3160, 452, 0, 1, 0, 0, 1.48%, 0, 0, 1, 42.98, 123528, 972
3165, 453, 0, 1, 0, 0, 1.48%, 0, 0, 1, 44.60, 123754, 972
3170, 454, 0, 1, 0, 0, 1.48%, 0, 0, 1, 47.43, 123996, 972
3175, 455, 0, 1, 0, 0, 1.48%, 0, 0, 1, 46.88, 124235, 972
3180, 456, 0, 1, 0, 0, 1.48%, 0, 0, 1, 47.45, 124481, 972
3185, 457, 0, 1, 0, 0, 1.48%, 0, 0, 1, 42.59, 124704, 972
3190, 457, 0, 1, 0, 0, 1.48%, 0, 0, 1, 45.47, 124934, 972
3195, 458, 0, 1, 0, 0, 1.48%, 0, 0, 1, 46.54, 125172, 972
3200, 459, 0, 1, 0, 0, 1.48%, 0, 0, 1, 44.80, 125397, 972
3205, 460, 0, 1, 0, 0, 1.48%, 0, 0, 1, 44.47, 125624, 972
3210, 461, 0, 1, 0, 0, 1.48%, 0, 0, 1, 45.82, 125862, 972
3216, 461, 0, 1, 0, 0, 1.48%, 0, 0, 1, 37.55, 126060, 972
3221, 462, 0, 1, 0, 0, 1.48%, 0, 0, 1, 43.87, 126288, 972
3226, 463, 0, 1, 0, 0, 1.48%, 0, 0, 1, 44.14, 126514, 972
3231, 464, 0, 1, 0, 0, 1.48%, 0, 0, 1, 46.20, 126750, 972
3236, 465, 0, 1, 0, 0, 1.48%, 0, 0, 1, 46.24, 126985, 972
3241, 466, 0, 1, 0, 0, 1.48%, 0, 0, 1, 46.22, 127220, 972
3246, 467, 0, 1, 0, 0, 1.48%, 0, 0, 1, 45.30, 127449, 972
3251, 467, 0, 1, 0, 0, 1.48%, 0, 0, 1, 45.22, 127679, 972
3256, 468, 0, 1, 0, 0, 1.48%, 0, 0, 1, 44.80, 127913, 972
3261, 469, 0, 1, 0, 0, 1.48%, 0, 0, 1, 45.11, 128143, 972
3266, 470, 0, 1, 0, 0, 1.48%, 0, 0, 1, 45.55, 128374, 972
3272, 471, 0, 1, 0, 0, 1.48%, 0, 0, 1, 45.34, 128610, 972
3277, 472, 0, 1, 0, 0, 1.48%, 0, 0, 1, 41.47, 128821, 972
3282, 472, 0, 1, 0, 0, 1.48%, 0, 0, 1, 45.39, 129059, 972
3287, 473, 0, 1, 0, 0, 1.48%, 0, 0, 1, 43.42, 129281, 972
3292, 474, 0, 1, 0, 0, 1.48%, 0, 0, 1, 45.98, 129517, 972
3297, 475, 0, 1, 0, 0, 1.48%, 0, 0, 1, 46.75, 129753, 972
3302, 476, 0, 1, 0, 0, 1.48%, 0, 0, 1, 46.69, 129987, 972
3307, 477, 0, 1, 0, 0, 1.48%, 0, 0, 1, 46.21, 130225, 972
3313, 478, 0, 1, 0, 0, 1.48%, 0, 0, 1, 44.93, 130455, 972
3318, 478, 0, 1, 0, 0, 1.48%, 0, 0, 1, 38.12, 130626, 972
3323, 479, 0, 1, 0, 0, 1.48%, 0, 0, 1, 45.02, 130862, 972
3328, 480, 0, 1, 0, 0, 1.48%, 0, 0, 1, 45.42, 131091, 972
3333, 481, 0, 1, 0, 0, 1.48%, 0, 0, 1, 45.71, 131323, 972
3338, 482, 0, 1, 0, 0, 1.48%, 0, 0, 1, 45.93, 131556, 972
3343, 482, 0, 1, 0, 0, 1.48%, 0, 0, 1, 46.10, 131790, 972
3348, 483, 0, 1, 0, 0, 1.48%, 0, 0, 1, 41.66, 132003, 972
3353, 484, 0, 1, 0, 0, 1.48%, 0, 0, 1, 44.91, 132234, 972
3358, 485, 0, 1, 0, 0, 1.48%, 0, 0, 1, 45.83, 132468, 972
3363, 486, 0, 1, 0, 0, 1.48%, 0, 0, 1, 46.19, 132701, 972
3368, 487, 0, 1, 0, 0, 1.48%, 0, 0, 1, 46.71, 132943, 972
3373, 488, 0, 1, 0, 0, 1.48%, 0, 0, 1, 48.65, 133190, 972
3379, 488, 0, 1, 0, 0, 1.48%, 0, 0, 1, 45.99, 133409, 972
3384, 489, 0, 1, 0, 0, 1.48%, 0, 0, 1, 48.49, 133656, 972
3389, 490, 0, 1, 0, 0, 1.48%, 0, 0, 1, 46.46, 133888, 972
4387, 491, 0, 1, 0, 0, 1.48%, 0, 0, 1, 0.00, 134000, 972
4388, 491, 0, 1, 0, 0, 1.48%, 0, 0, 1, 3.68, 134029, 972
